-0.285702
-0.28625
-0.286572
-0.286722
-0.28676
-0.28656
-0.286412
-0.286121
-0.285857
-0.285604
-0.285311
-0.285013
-0.284848
-0.284722
-0.284686
-0.284703
-0.284777
-0.284956
-0.285275
-0.285511
-0.285852
-0.286
-0.286021
-0.28594
-0.285859
-0.285592
-0.285227
-0.284898
-0.284598
-0.284698
-0.284834
-0.285068
-0.285542
-0.285954
-0.286198
-0.286341
-0.286326
-0.285983
-0.285542
-0.284958
-0.284433
-0.284004
-0.283983
-0.284183
-0.284588
-0.285184
-0.285892
-0.286489
-0.286884
-0.286949
-0.286691
-0.286384
-0.285878
-0.285439
-0.284982
-0.284653
-0.284333
-0.284216
-0.284405
-0.28439
-0.284727
-0.284824
-0.285056
-0.285201
-0.285347
-0.285578
-0.285859
-0.286005
-0.286157
-0.286148
-0.285964
-0.285659
-0.285325
-0.284951
-0.284593
-0.284305
-0.284302
-0.28435
-0.284641
-0.284908
-0.285347
-0.285594
-0.285857
-0.285811
-0.285676
-0.285561
-0.285466
-0.285285
-0.285363
-0.285382
-0.285604
-0.285633
-0.285611
-0.285442
-0.285223
-0.284886
-0.284498
-0.284214
-0.284343
-0.284491
-0.284812
-0.285335
-0.285997
-0.286582
-0.28713
-0.287464
-0.287516
-0.287247
-0.2865
-0.285382
-0.28388
-0.281963
-0.280097
-0.278416
-0.277379
-0.27739
-0.279081
-0.282404
-0.287225
-0.293181
-0.299158
-0.304127
-0.306852
-0.306218
-0.302088
-0.294294
-0.283883
-0.272167
-0.261338
-0.253067
-0.249093
-0.250597
-0.257635
-0.269303
-0.284281
-0.300267
-0.314589
-0.324898
-0.329325
-0.327051
-0.318437
-0.304863
-0.288551
-0.272167
-0.258157
-0.248487
-0.244677
-0.246933
-0.254548
-0.266201
-0.280066
-0.293884
-0.305622
-0.313649
-0.317042
-0.315475
-0.309865
-0.301189
-0.2913
-0.281444
-0.272989
-0.267274
-0.264354
-0.264649
-0.267699
-0.27288
-0.278966
-0.285282
-0.290895
-0.295181
-0.297742
-0.2984
-0.297253
-0.294778
-0.291524
-0.287747
-0.284183
-0.281138
-0.279024
-0.277786
-0.277596
-0.278311
-0.279794
-0.281734
-0.284069
-0.286255
-0.288017
-0.289373
-0.290139
-0.290279
-0.289781
-0.288823
-0.287645
-0.286188
-0.284677
-0.283332
-0.282233
-0.28167
-0.281479
-0.281765
-0.282514
-0.283585
-0.284746
-0.286055
-0.287089
-0.288124
-0.288689
-0.28868
-0.288424
-0.28779
-0.286806
-0.285642
-0.284328
-0.283043
-0.282309
-0.281897
-0.282092
-0.28281
-0.283933
-0.285296
-0.286615
-0.287745
-0.288329
-0.288415
-0.287848
-0.286996
-0.285773
-0.2846
-0.283692
-0.283008
-0.282965
-0.283296
-0.284071
-0.285001
-0.285845
-0.286653
-0.287006
-0.287013
-0.286486
-0.285888
-0.285091
-0.284588
-0.284216
-0.284173
-0.2844
-0.284834
-0.285239
-0.285704
-0.285923
-0.285904
-0.284791
-0.284672
-0.284746
-0.285053
-0.285218
-0.285432
-0.285575
-0.285649
-0.285637
-0.28553
-0.285468
-0.285487
-0.285623
-0.285995
-0.286207
-0.286348
-0.286269
-0.286222
-0.2858
-0.285432
-0.284927
-0.284638
-0.284545
-0.284688
-0.285008
-0.285597
-0.286193
-0.286655
-0.286977
-0.286903
-0.286748
-0.286164
-0.285535
-0.284829
-0.284393
-0.284011
-0.28394
-0.284383
-0.284777
-0.285618
-0.286427
-0.287073
-0.287404
-0.28749
-0.287187
-0.286658
-0.285869
-0.285027
-0.284343
-0.28394