-0.283391
-0.283895
-0.284634
-0.285411
-0.286226
-0.286784
-0.287106
-0.287182
-0.287044
-0.286696
-0.286298
-0.286036
-0.285716
-0.285521
-0.285356
-0.28523
-0.285103
-0.284956
-0.284965
-0.284972
-0.284941
-0.28497
-0.285034
-0.28528
-0.285583
-0.285947
-0.2863
-0.286503
-0.286674
-0.286574
-0.286427
-0.285988
-0.285461
-0.285084
-0.284688
-0.284472
-0.284457
-0.284793
-0.285201
-0.285745
-0.286298
-0.286567
-0.286715
-0.286484
-0.285988
-0.285368
-0.284629
-0.284328
-0.284195
-0.284317
-0.284634
-0.284743
-0.284884
-0.285344
-0.285954
-0.286489
-0.286858
-0.287001
-0.286772
-0.28635
-0.285623
-0.284972
-0.284419
-0.284355
-0.284655
-0.285053
-0.285766
-0.286472
-0.286872
-0.286827
-0.286515
-0.285995
-0.285149
-0.284548
-0.284071
-0.284011
-0.28424
-0.284767
-0.285659
-0.28645
-0.28702
-0.287383
-0.287397
-0.287116
-0.286586
-0.285957
-0.285256
-0.284643
-0.284491
-0.284214
-0.284345
-0.284715
-0.28512
-0.285437
-0.285761
-0.286026
-0.286343
-0.28656
-0.286636
-0.286641
-0.286484
-0.286293
-0.285938
-0.285659
-0.285432
-0.285468
-0.285528
-0.285759
-0.286205
-0.286522
-0.286484
-0.286157
-0.285201
-0.283859
-0.281992
-0.280316
-0.279138
-0.278924
-0.280252
-0.283093
-0.287447
-0.292766
-0.298066
-0.302451
-0.304656
-0.304046
-0.299914
-0.292706
-0.283096
-0.272756
-0.263183
-0.256243
-0.253227
-0.255265
-0.26228
-0.273592
-0.28754
-0.301929
-0.314496
-0.323029
-0.326004
-0.322678
-0.31378
-0.300586
-0.28528
-0.270414
-0.258224
-0.250387
-0.247891
-0.251036
-0.259085
-0.270531
-0.283585
-0.296242
-0.30663
-0.313401
-0.315809
-0.31374
-0.307884
-0.299544
-0.289927
-0.280547
-0.272715
-0.267262
-0.264728
-0.265138
-0.268192
-0.273402
-0.279701
-0.286443
-0.292537
-0.297239
-0.299907
-0.300581
-0.299275
-0.296302
-0.292144
-0.287619
-0.283267
-0.279586
-0.276971
-0.275698
-0.275812
-0.277035
-0.279498
-0.282311
-0.28542
-0.288241
-0.290513
-0.292089
-0.292678
-0.292509
-0.291336
-0.28966
-0.287273
-0.284851
-0.28264
-0.280948
-0.27988
-0.279658
-0.280375
-0.281878
-0.283811
-0.28594
-0.287907
-0.289543
-0.290518
-0.290601
-0.289972
-0.288675
-0.287006
-0.285239
-0.28367
-0.282538
-0.282023
-0.282145
-0.282907
-0.284078
-0.285387
-0.286658
-0.287635
-0.288069
-0.288074
-0.287554
-0.286851
-0.285993
-0.285065
-0.284505
-0.284324
-0.284371
-0.284739
-0.285299
-0.285718
-0.286138
-0.286415
-0.286372
-0.286322
-0.285988
-0.285814
-0.285535
-0.285349
-0.285342
-0.285363
-0.285475
-0.285671
-0.285714
-0.285769
-0.285728
-0.285711
-0.285788
-0.284965
-0.284939
-0.284979
-0.285285
-0.285418
-0.285809
-0.285926
-0.286036
-0.286062
-0.285854
-0.28569
-0.285499
-0.285325
-0.28528
-0.28533
-0.285387
-0.285511
-0.285733
-0.28585
-0.285802
-0.285633
-0.285323
-0.285158
-0.285053
-0.28502
-0.285139
-0.285485
-0.285888
-0.286334
-0.286565
-0.286601
-0.286384
-0.285997
-0.28542
-0.284755
-0.28434
-0.284138
-0.284219
-0.284653
-0.285134
-0.285866
-0.286338
-0.28676
-0.286801
-0.286686
-0.286384
-0.286007
-0.28569
-0.285394
-0.285313