-0.286424
-0.287237
-0.28765
-0.287929
-0.287678
-0.287378
-0.286758
-0.285995
-0.285125
-0.284386
-0.283861
-0.28383
-0.284019
-0.284479
-0.285058
-0.28574
-0.286224
-0.286539
-0.286627
-0.286644
-0.286574
-0.286551
-0.286567
-0.286486
-0.28651
-0.286388
-0.286217
-0.285828
-0.285263
-0.284638
-0.284221
-0.283885
-0.283949
-0.284369
-0.284905
-0.285673
-0.286572
-0.287344
-0.287921
-0.288007
-0.287912
-0.287566
-0.286901
-0.286114
-0.285354
-0.28451
-0.283914
-0.283446
-0.283265
-0.28337
-0.284271
-0.284204
-0.284276
-0.284424
-0.284836
-0.285032
-0.285544
-0.285816
-0.286222
-0.286517
-0.286794
-0.286915
-0.287004
-0.286813
-0.286617
-0.28621
-0.285668
-0.285444
-0.285039
-0.28476
-0.284653
-0.284724
-0.284774
-0.284817
-0.284979
-0.285196
-0.285473
-0.285792
-0.286107
-0.286489
-0.286877
-0.287228
-0.287437
-0.287378
-0.287075
-0.286343
-0.285516
-0.284543
-0.283763
-0.283313
-0.283098
-0.283496
-0.284317
-0.285499
-0.286622
-0.287595
-0.288472
-0.288916
-0.288901
-0.288372
-0.287688
-0.286496
-0.285087
-0.283427
-0.281742
-0.280106
-0.278864
-0.278168
-0.278466
-0.280085
-0.282905
-0.286996
-0.292089
-0.297427
-0.302248
-0.305252
-0.305688
-0.302889
-0.296745
-0.287941
-0.277503
-0.266933
-0.258005
-0.252616
-0.251541
-0.255687
-0.26463
-0.277545
-0.29259
-0.307424
-0.319693
-0.327463
-0.328941
-0.324109
-0.313582
-0.298829
-0.282364
-0.266526
-0.253823
-0.245943
-0.243986
-0.248024
-0.25739
-0.270526
-0.285313
-0.299401
-0.31064
-0.317769
-0.319653
-0.316665
-0.309472
-0.299513
-0.288537
-0.278311
-0.270057
-0.264843
-0.262971
-0.264244
-0.268412
-0.274422
-0.281005
-0.287516
-0.292912
-0.296774
-0.298712
-0.298951
-0.297561
-0.294926
-0.2917
-0.288167
-0.284805
-0.282025
-0.279763
-0.278466
-0.277946
-0.278292
-0.279288
-0.281076
-0.283115
-0.285349
-0.287476
-0.289485
-0.290952
-0.291946
-0.291996
-0.291417
-0.290008
-0.288227
-0.285826
-0.283535
-0.28162
-0.280225
-0.279596
-0.280056
-0.281
-0.282953
-0.285072
-0.287356
-0.289326
-0.29068
-0.291128
-0.290754
-0.289505
-0.287762
-0.28563
-0.283842
-0.282352
-0.281658
-0.281525
-0.282171
-0.28326
-0.284717
-0.286043
-0.287278
-0.288062
-0.288422
-0.288186
-0.287669
-0.287008
-0.286243
-0.28568
-0.285172
-0.285056
-0.284932
-0.285037
-0.285172
-0.285285
-0.285175
-0.285101
-0.284996
-0.284905
-0.284908
-0.285053
-0.285366
-0.285985
-0.286624
-0.287249
-0.287595
-0.287788
-0.287583
-0.287044
-0.286303
-0.285394
-0.284705
-0.284126
-0.283725
-0.283618
-0.283852
-0.284419
-0.285075
-0.285859
-0.2864
-0.286944
-0.287113
-0.286944
-0.286551
-0.286
-0.285163
-0.284433
-0.283961
-0.28388
-0.28403
-0.284801
-0.285687
-0.286622
-0.287268
-0.287628
-0.287654
-0.287042
-0.286138
-0.285103
-0.284224
-0.283604
-0.283439
-0.283692
-0.284476
-0.285454
-0.286591
-0.287378
-0.287919
-0.288
-0.287602
-0.286932
-0.285866
-0.284867
-0.284095
-0.283594
-0.283422
-0.283842
-0.284574
-0.285461
-0.286415
-0.287287
-0.287666
-0.287733
-0.287523
-0.287139
-0.2864
-0.285673
-0.285187