-0.286181
-0.286698
-0.287018
-0.287061
-0.286839
-0.286441
-0.286
-0.285606
-0.285153
-0.284684
-0.28455
-0.284417
-0.284493
-0.284798
-0.285063
-0.285327
-0.28578
-0.286009
-0.286252
-0.286288
-0.286102
-0.285847
-0.285487
-0.28511
-0.284872
-0.284643
-0.284541
-0.284672
-0.284963
-0.285332
-0.285747
-0.286012
-0.286312
-0.286283
-0.28615
-0.286009
-0.285621
-0.285149
-0.28477
-0.284569
-0.284436
-0.28451
-0.284688
-0.285079
-0.285399
-0.285773
-0.286026
-0.286279
-0.286336
-0.286376
-0.286632
-0.286257
-0.285802
-0.285258
-0.284817
-0.28446
-0.28415
-0.284007
-0.284152
-0.28425
-0.284603
-0.285234
-0.285678
-0.286188
-0.286608
-0.286729
-0.286829
-0.286529
-0.286064
-0.28549
-0.284896
-0.284514
-0.284202
-0.284133
-0.284393
-0.284777
-0.28522
-0.285637
-0.286014
-0.286219
-0.28614
-0.28594
-0.285752
-0.285501
-0.285225
-0.285063
-0.284965
-0.284994
-0.285103
-0.285323
-0.285335
-0.285532
-0.285742
-0.285857
-0.285904
-0.286012
-0.285916
-0.285835
-0.285506
-0.28522
-0.284669
-0.284522
-0.284393
-0.284579
-0.285029
-0.285645
-0.28667
-0.287263
-0.287769
-0.287552
-0.286608
-0.284841
-0.282481
-0.280082
-0.278044
-0.277064
-0.277603
-0.280211
-0.284657
-0.290461
-0.297067
-0.302651
-0.30627
-0.306454
-0.302804
-0.295348
-0.285029
-0.27338
-0.262513
-0.254476
-0.250843
-0.252876
-0.260246
-0.272055
-0.286849
-0.302045
-0.314949
-0.323424
-0.325933
-0.322008
-0.312319
-0.298769
-0.283451
-0.26897
-0.257666
-0.25099
-0.249624
-0.253665
-0.262144
-0.273514
-0.285764
-0.297174
-0.306008
-0.311098
-0.312271
-0.30952
-0.303724
-0.295894
-0.287583
-0.279682
-0.273428
-0.269284
-0.267599
-0.268395
-0.271206
-0.275564
-0.28079
-0.286229
-0.291176
-0.295053
-0.297575
-0.298359
-0.297365
-0.294933
-0.291433
-0.287294
-0.283158
-0.279653
-0.277171
-0.275896
-0.276079
-0.27755
-0.280013
-0.283015
-0.286133
-0.288835
-0.29083
-0.291789
-0.291786
-0.290911
-0.289416
-0.2876
-0.285544
-0.283787
-0.28228
-0.281467
-0.281281
-0.281761
-0.282638
-0.284045
-0.285354
-0.286591
-0.287592
-0.288167
-0.288179
-0.28785
-0.287068
-0.286145
-0.28512
-0.284238
-0.283787
-0.283577
-0.283742
-0.284171
-0.284712
-0.285416
-0.285914
-0.286486
-0.286601
-0.286653
-0.286539
-0.28615
-0.285766
-0.285468
-0.285206
-0.285025
-0.284905
-0.285039
-0.284967
-0.285163
-0.285113
-0.285063
-0.284982
-0.284975
-0.284991
-0.28512
-0.285444
-0.285773
-0.28625
-0.286436
-0.286515
-0.286362
-0.285888
-0.28538
-0.284734
-0.284288
-0.283887
-0.283897
-0.284257
-0.284944
-0.284693
-0.285311
-0.285933
-0.286365
-0.286589
-0.286748
-0.286562
-0.286257
-0.285835
-0.28538
-0.28497
-0.284624
-0.284414
-0.284252
-0.2842
-0.284266
-0.284314
-0.284584
-0.284967
-0.285583
-0.286212
-0.286722
-0.287149
-0.287185
-0.286851
-0.286391
-0.285437
-0.284431
-0.283463
-0.282834
-0.282512
-0.282781
-0.283558
-0.284834
-0.286224
-0.287502
-0.28825
-0.28857
-0.288298
-0.287409
-0.286074
-0.284598
-0.283363
-0.282528
-0.282257
-0.28264
-0.283573
-0.284626
-0.285847
-0.286682