-0.286345
-0.28615
-0.285871
-0.285585
-0.285349
-0.284951
-0.284824
-0.284755
-0.284867
-0.285146
-0.285659
-0.286148
-0.286663
-0.286965
-0.287092
-0.28692
-0.286624
-0.285981
-0.285311
-0.284696
-0.284264
-0.284188
-0.284522
-0.285032
-0.285835
-0.286789
-0.287392
-0.287943
-0.287945
-0.287566
-0.286825
-0.285907
-0.284822
-0.284028
-0.283408
-0.283399
-0.283616
-0.284338
-0.285299
-0.286248
-0.287006
-0.287492
-0.28774
-0.28765
-0.287116
-0.286551
-0.285954
-0.285513
-0.285232
-0.284994
-0.286131
-0.285733
-0.285342
-0.285091
-0.284843
-0.284836
-0.285008
-0.285418
-0.285845
-0.286157
-0.28657
-0.286827
-0.286796
-0.286698
-0.28652
-0.286217
-0.285957
-0.285635
-0.285218
-0.284834
-0.284524
-0.284379
-0.284364
-0.284591
-0.284996
-0.285671
-0.286376
-0.287263
-0.287781
-0.288148
-0.288007
-0.287502
-0.286615
-0.28542
-0.284088
-0.283258
-0.28264
-0.282764
-0.283446
-0.284617
-0.286062
-0.287621
-0.288849
-0.289516
-0.289381
-0.288913
-0.287745
-0.286441
-0.284979
-0.283897
-0.283315
-0.283258
-0.283382
-0.283704
-0.283794
-0.283496
-0.282834
-0.282028
-0.281386
-0.281544
-0.282927
-0.28543
-0.289404
-0.294371
-0.299177
-0.303121
-0.30488
-0.303559
-0.298986
-0.291011
-0.280986
-0.270214
-0.260358
-0.253406
-0.250812
-0.253496
-0.261486
-0.273895
-0.288982
-0.30452
-0.317993
-0.327177
-0.329995
-0.326374
-0.316324
-0.301909
-0.285122
-0.268898
-0.25553
-0.246911
-0.24431
-0.247788
-0.256641
-0.268979
-0.283225
-0.296917
-0.308084
-0.315337
-0.317836
-0.315349
-0.309224
-0.300434
-0.290599
-0.281153
-0.273464
-0.268173
-0.265794
-0.266201
-0.268946
-0.273407
-0.278709
-0.28434
-0.28954
-0.29387
-0.296824
-0.298252
-0.298457
-0.297227
-0.294697
-0.291429
-0.287604
-0.283821
-0.28023
-0.277555
-0.275881
-0.275638
-0.276849
-0.27925
-0.282426
-0.286071
-0.289521
-0.292206
-0.293822
-0.294154
-0.29326
-0.291054
-0.288136
-0.284998
-0.282197
-0.280173
-0.279315
-0.279543
-0.280843
-0.282786
-0.285082
-0.287077
-0.288923
-0.289865
-0.290017
-0.289445
-0.28837
-0.286853
-0.285356
-0.283964
-0.283055
-0.282621
-0.282955
-0.283592
-0.284491
-0.285625
-0.286772
-0.287549
-0.287941
-0.28816
-0.287814
-0.287209
-0.286419
-0.285621
-0.28466
-0.283937
-0.283561
-0.283532
-0.283937
-0.284729
-0.28564
-0.286589
-0.287373
-0.287902
-0.287993
-0.287843
-0.287352
-0.286577
-0.285828
-0.285063
-0.284598
-0.284204
-0.284002
-0.28405
-0.284321
-0.284705
-0.285223
-0.285707
-0.28626
-0.28672
-0.287149
-0.287454
-0.287626
-0.28758
-0.287337
-0.286763
-0.2846
-0.285156
-0.285952
-0.286603
-0.287104
-0.28738
-0.28724
-0.286725
-0.285993
-0.28511
-0.284317
-0.28379
-0.283649
-0.283854
-0.28451
-0.285285
-0.286102
-0.286803
-0.28733
-0.287483
-0.287342
-0.286868
-0.286252
-0.285456
-0.284719
-0.284235
-0.284152
-0.284212
-0.284529
-0.285034
-0.285718
-0.286205
-0.28677
-0.287144
-0.287278
-0.287056
-0.286565
-0.285983
-0.285282
-0.284617
-0.284109
-0.283914
-0.283976
-0.284462
-0.28523
-0.286124
-0.287123
-0.287921
-0.288477
-0.288486