-0.286558
-0.286181
-0.285759
-0.285416
-0.285068
-0.285103
-0.285201
-0.285518
-0.285721
-0.285988
-0.286114
-0.286248
-0.286217
-0.286131
-0.285993
-0.285835
-0.285807
-0.285664
-0.285668
-0.285816
-0.285966
-0.286045
-0.286124
-0.286043
-0.285881
-0.28559
-0.285234
-0.285079
-0.284898
-0.284929
-0.285208
-0.285783
-0.286427
-0.287075
-0.287495
-0.287704
-0.287447
-0.286899
-0.285985
-0.284982
-0.284028
-0.283399
-0.283337
-0.28362
-0.284431
-0.285666
-0.286777
-0.287917
-0.288601
-0.288599
-0.286515
-0.287442
-0.288141
-0.288422
-0.288341
-0.287867
-0.287006
-0.285952
-0.28506
-0.284064
-0.283365
-0.282922
-0.282927
-0.283365
-0.284216
-0.285256
-0.286565
-0.287559
-0.288408
-0.288782
-0.288548
-0.288084
-0.287023
-0.285978
-0.284822
-0.283949
-0.283439
-0.283277
-0.283687
-0.284226
-0.284989
-0.285733
-0.286398
-0.286665
-0.286932
-0.286875
-0.286877
-0.286565
-0.286398
-0.286169
-0.285945
-0.285773
-0.285501
-0.28532
-0.28513
-0.284927
-0.284796
-0.284805
-0.284989
-0.28558
-0.286055
-0.286789
-0.28729
-0.287488
-0.287132
-0.286291
-0.284698
-0.282764
-0.280643
-0.279081
-0.278525
-0.279517
-0.282302
-0.286777
-0.292289
-0.298078
-0.302927
-0.305688
-0.305321
-0.301542
-0.29422
-0.284452
-0.273397
-0.263035
-0.255089
-0.251172
-0.252244
-0.258501
-0.269489
-0.283649
-0.299058
-0.313137
-0.323792
-0.32896
-0.327914
-0.320511
-0.308092
-0.292556
-0.276189
-0.261471
-0.250587
-0.24497
-0.245397
-0.251203
-0.261667
-0.274999
-0.289249
-0.302279
-0.312288
-0.31801
-0.31899
-0.31527
-0.30786
-0.297952
-0.287187
-0.277107
-0.2689
-0.263715
-0.261867
-0.263293
-0.267684
-0.274024
-0.281322
-0.288618
-0.294735
-0.299029
-0.301163
-0.301061
-0.299056
-0.29557
-0.29139
-0.28703
-0.283055
-0.279894
-0.277638
-0.276651
-0.276735
-0.277855
-0.279796
-0.282028
-0.284529
-0.287127
-0.28934
-0.291023
-0.292053
-0.292144
-0.29151
-0.290117
-0.288258
-0.286186
-0.284207
-0.282588
-0.281668
-0.281372
-0.281453
-0.282111
-0.283201
-0.284462
-0.285678
-0.286801
-0.287714
-0.288274
-0.288568
-0.288398
-0.288167
-0.287502
-0.28688
-0.286088
-0.285106
-0.284543
-0.284061
-0.283763
-0.283744
-0.284102
-0.284677
-0.285406
-0.286164
-0.286767
-0.287356
-0.287361
-0.287073
-0.286527
-0.285811
-0.285175
-0.28465
-0.284235
-0.284367
-0.284691
-0.285218
-0.285966
-0.286779
-0.287421
-0.287724
-0.287714
-0.287187
-0.286531
-0.28558
-0.284579
-0.283833
-0.283272
-0.283208
-0.283446
-0.284195
-0.285161
-0.286212
-0.287237
-0.288038
-0.288379
-0.288303
-0.287907
-0.286028
-0.2863
-0.286517
-0.286705
-0.28672
-0.286682
-0.286405
-0.285916
-0.285597
-0.285134
-0.284808
-0.2846
-0.284593
-0.28486
-0.285127
-0.285754
-0.286157
-0.286651
-0.287075
-0.287125
-0.286989
-0.28667
-0.286098
-0.285749
-0.285275
-0.284944
-0.284877
-0.284944
-0.28507
-0.285256
-0.285592
-0.285778
-0.285857
-0.286095
-0.286186
-0.286343
-0.286446
-0.286653
-0.286729
-0.286539
-0.286422
-0.286028
-0.285594
-0.285041
-0.284784
-0.284603
-0.284622
-0.285025
-0.285616
-0.286291