-0.287197
-0.286257
-0.285175
-0.284319
-0.283992
-0.283825
-0.284171
-0.284729
-0.285528
-0.286129
-0.286705
-0.286832
-0.286925
-0.2864
-0.286002
-0.285501
-0.284956
-0.284827
-0.284803
-0.284953
-0.285261
-0.285749
-0.2862
-0.286546
-0.286741
-0.286615
-0.286381
-0.286047
-0.285473
-0.284946
-0.284607
-0.284312
-0.284207
-0.284469
-0.284815
-0.285506
-0.28631
-0.286882
-0.287361
-0.287681
-0.287578
-0.287316
-0.286682
-0.285869
-0.285053
-0.284202
-0.283554
-0.283225
-0.283139
-0.283546
-0.286558
-0.286181
-0.285792
-0.285256
-0.285063
-0.284677
-0.2846
-0.284703
-0.28507
-0.285351
-0.285764
-0.286076
-0.286388
-0.286481
-0.286412
-0.286121
-0.285809
-0.285485
-0.285239
-0.285041
-0.284958
-0.28507
-0.285263
-0.285587
-0.285769
-0.286169
-0.286305
-0.286365
-0.286238
-0.286076
-0.285757
-0.285385
-0.285046
-0.284894
-0.284853
-0.28496
-0.285048
-0.285378
-0.285709
-0.285921
-0.286369
-0.286381
-0.28641
-0.286305
-0.28621
-0.286067
-0.2858
-0.285652
-0.285616
-0.285683
-0.285847
-0.285895
-0.286083
-0.28609
-0.285883
-0.285397
-0.284429
-0.283184
-0.281777
-0.280647
-0.279956
-0.280163
-0.281589
-0.284538
-0.288568
-0.293453
-0.298123
-0.302012
-0.30365
-0.302763
-0.298662
-0.291536
-0.282369
-0.272255
-0.263011
-0.256269
-0.25357
-0.25563
-0.262616
-0.27396
-0.287743
-0.302174
-0.314779
-0.323107
-0.326138
-0.322742
-0.313728
-0.300298
-0.284855
-0.269768
-0.257249
-0.249529
-0.247312
-0.250971
-0.259454
-0.27149
-0.284929
-0.297844
-0.308084
-0.314336
-0.315924
-0.312903
-0.306218
-0.297225
-0.287678
-0.278785
-0.271845
-0.26742
-0.266075
-0.267301
-0.270841
-0.27565
-0.281291
-0.286818
-0.291533
-0.295041
-0.297213
-0.297763
-0.296993
-0.295157
-0.292339
-0.289006
-0.285587
-0.28229
-0.279491
-0.277636
-0.276713
-0.277009
-0.278265
-0.280364
-0.282903
-0.285809
-0.288556
-0.290973
-0.29253
-0.293097
-0.292585
-0.291255
-0.288994
-0.286655
-0.284173
-0.282142
-0.280633
-0.279851
-0.279849
-0.280802
-0.282331
-0.284154
-0.286143
-0.2878
-0.289137
-0.289724
-0.289803
-0.289133
-0.288138
-0.287066
-0.285726
-0.284622
-0.283711
-0.283172
-0.283132
-0.283208
-0.283792
-0.2845
-0.285234
-0.28595
-0.286677
-0.287156
-0.287538
-0.287573
-0.287406
-0.286953
-0.286336
-0.285439
-0.284595
-0.284085
-0.283592
-0.283587
-0.283985
-0.284729
-0.285616
-0.286677
-0.287528
-0.288074
-0.288205
-0.287824
-0.287073
-0.285993
-0.284877
-0.283744
-0.283084
-0.282805
-0.283139
-0.283818
-0.284884
-0.286033
-0.287163
-0.287986
-0.288236
-0.288172
-0.283692
-0.283999
-0.284662
-0.285518
-0.286496
-0.287292
-0.287712
-0.287848
-0.287566
-0.286727
-0.285735
-0.284958
-0.284121
-0.283482
-0.283453
-0.283685
-0.284176
-0.284827
-0.285575
-0.286262
-0.286739
-0.286968
-0.286901
-0.286832
-0.286448
-0.286267
-0.285969
-0.28564
-0.285342
-0.285082
-0.28497
-0.284703
-0.284667
-0.284581
-0.284739
-0.284913
-0.285144
-0.285592
-0.285773
-0.286076
-0.286331
-0.286412
-0.286641
-0.286608
-0.286665
-0.286551
-0.286098
-0.285761
-0.285432
-0.28502