-0.286112
-0.286155
-0.286224
-0.286231
-0.286155
-0.286036
-0.285945
-0.285628
-0.285566
-0.285318
-0.285141
-0.285072
-0.284994
-0.284905
-0.285034
-0.285127
-0.285337
-0.285642
-0.286059
-0.286405
-0.286713
-0.286748
-0.286615
-0.286465
-0.286102
-0.285723
-0.285299
-0.284805
-0.284486
-0.284355
-0.2843
-0.284369
-0.284812
-0.285339
-0.285854
-0.286453
-0.286722
-0.286944
-0.286887
-0.286732
-0.286393
-0.286183
-0.285716
-0.285408
-0.285096
-0.284808
-0.284693
-0.284677
-0.284758
-0.284965
-0.284233
-0.284486
-0.284998
-0.285389
-0.28609
-0.286689
-0.287266
-0.287514
-0.287657
-0.287333
-0.286858
-0.28615
-0.285347
-0.284612
-0.283945
-0.283687
-0.283651
-0.284071
-0.284722
-0.285351
-0.285938
-0.286531
-0.286808
-0.286977
-0.286713
-0.28641
-0.285983
-0.285649
-0.285463
-0.285318
-0.285351
-0.285411
-0.285506
-0.285673
-0.285544
-0.28548
-0.285366
-0.285327
-0.285206
-0.285304
-0.28547
-0.285814
-0.286183
-0.28652
-0.286796
-0.286777
-0.28676
-0.286512
-0.286133
-0.28585
-0.285602
-0.285263
-0.284932
-0.28441
-0.283577
-0.282705
-0.281489
-0.280497
-0.28024
-0.280747
-0.282605
-0.285695
-0.289938
-0.294867
-0.299594
-0.303035
-0.304241
-0.302463
-0.297422
-0.289435
-0.279467
-0.268924
-0.259929
-0.254049
-0.252514
-0.256128
-0.26475
-0.277283
-0.292175
-0.306756
-0.31883
-0.326188
-0.327501
-0.322323
-0.311525
-0.296819
-0.280643
-0.265477
-0.25363
-0.246732
-0.24585
-0.250812
-0.260785
-0.274012
-0.288308
-0.301538
-0.311549
-0.317204
-0.317755
-0.313585
-0.305603
-0.29561
-0.285077
-0.27559
-0.268583
-0.264678
-0.263934
-0.266409
-0.271318
-0.277486
-0.284305
-0.290353
-0.295184
-0.298088
-0.29901
-0.298159
-0.295794
-0.292542
-0.288785
-0.285177
-0.282145
-0.279889
-0.278535
-0.278111
-0.278723
-0.280061
-0.281954
-0.284026
-0.286057
-0.28789
-0.289173
-0.28995
-0.290208
-0.289872
-0.289216
-0.288134
-0.286822
-0.285511
-0.2843
-0.283425
-0.282705
-0.2826
-0.282767
-0.283277
-0.283885
-0.284755
-0.285542
-0.286491
-0.28722
-0.287762
-0.288005
-0.288005
-0.287626
-0.287166
-0.286477
-0.285745
-0.285103
-0.284488
-0.284014
-0.283852
-0.283623
-0.284028
-0.28451
-0.285132
-0.285847
-0.286558
-0.287106
-0.287414
-0.28744
-0.287337
-0.286975
-0.286505
-0.286026
-0.285494
-0.28487
-0.284534
-0.284331
-0.284367
-0.284607
-0.284941
-0.285361
-0.285883
-0.286286
-0.286558
-0.286629
-0.286512
-0.286226
-0.28584
-0.285375
-0.284963
-0.284698
-0.284784
-0.284998
-0.285425
-0.286148
-0.286703
-0.28723
-0.287418
-0.287321
-0.286703
-0.285561
-0.286558
-0.287433
-0.287941
-0.288053
-0.287776
-0.287013
-0.286171
-0.285151
-0.284424
-0.283833
-0.283449
-0.283427
-0.283699
-0.284312
-0.285134
-0.285969
-0.286784
-0.287507
-0.287902
-0.288184
-0.287971
-0.28744
-0.286651
-0.28564
-0.284433
-0.283501
-0.282915
-0.282416
-0.282609
-0.283294
-0.284278
-0.285637
-0.28703
-0.288196
-0.289276
-0.28959
-0.289247
-0.288529
-0.287106
-0.285394
-0.283697
-0.282421
-0.281622
-0.281596
-0.282178
-0.283508
-0.285158
-0.28688
-0.288515