-0.286565
-0.286229
-0.285735
-0.285261
-0.284817
-0.284662
-0.28456
-0.284741
-0.285213
-0.285709
-0.286124
-0.286582
-0.286739
-0.286748
-0.286462
-0.285935
-0.285337
-0.2847
-0.284183
-0.283897
-0.283897
-0.284092
-0.284703
-0.285373
-0.286179
-0.286844
-0.28722
-0.28729
-0.287066
-0.286629
-0.285926
-0.285206
-0.284419
-0.284019
-0.283802
-0.283973
-0.284481
-0.285232
-0.285888
-0.286479
-0.286798
-0.286729
-0.286381
-0.285883
-0.285108
-0.284631
-0.2842
-0.284185
-0.284441
-0.284939
-0.285695
-0.284796
-0.284045
-0.283597
-0.283515
-0.283611
-0.284224
-0.284994
-0.285861
-0.286539
-0.28697
-0.287127
-0.28686
-0.286403
-0.285752
-0.285146
-0.284691
-0.284228
-0.284212
-0.284274
-0.284598
-0.284905
-0.285313
-0.285714
-0.285897
-0.286057
-0.28616
-0.286081
-0.286076
-0.285923
-0.285678
-0.285485
-0.285051
-0.28486
-0.284684
-0.284617
-0.284612
-0.284905
-0.285072
-0.285497
-0.285742
-0.286059
-0.286217
-0.286207
-0.286045
-0.285797
-0.285413
-0.285168
-0.284953
-0.284779
-0.285015
-0.285366
-0.285857
-0.286264
-0.286369
-0.286205
-0.285561
-0.284381
-0.28286
-0.281405
-0.279946
-0.279438
-0.28003
-0.282087
-0.285516
-0.290248
-0.295184
-0.299773
-0.302851
-0.303147
-0.30026
-0.294309
-0.28578
-0.275924
-0.266218
-0.258691
-0.254774
-0.255573
-0.261099
-0.271199
-0.284209
-0.298178
-0.310724
-0.319736
-0.323591
-0.321505
-0.313761
-0.301676
-0.287349
-0.272944
-0.260792
-0.252676
-0.249717
-0.252113
-0.259469
-0.270112
-0.282445
-0.294561
-0.304635
-0.311167
-0.313509
-0.311623
-0.30596
-0.298045
-0.288868
-0.280108
-0.272961
-0.268297
-0.266554
-0.267432
-0.270767
-0.275767
-0.281563
-0.287268
-0.292082
-0.295415
-0.297096
-0.297196
-0.295618
-0.292981
-0.289671
-0.286171
-0.282924
-0.280304
-0.27863
-0.27791
-0.278299
-0.279515
-0.281518
-0.283618
-0.285914
-0.28784
-0.28939
-0.290253
-0.290325
-0.289695
-0.288637
-0.287178
-0.285525
-0.284162
-0.283103
-0.282593
-0.2825
-0.282636
-0.283084
-0.283749
-0.284491
-0.285072
-0.285771
-0.286288
-0.286667
-0.287085
-0.287309
-0.287516
-0.287366
-0.287278
-0.286701
-0.285995
-0.285041
-0.284011
-0.283062
-0.282538
-0.282474
-0.282865
-0.283768
-0.284939
-0.2863
-0.287387
-0.288267
-0.288563
-0.288372
-0.287685
-0.286529
-0.28527
-0.284026
-0.283175
-0.282705
-0.282648
-0.283186
-0.284133
-0.285299
-0.286448
-0.287218
-0.287778
-0.287881
-0.287528
-0.286739
-0.28585
-0.284872
-0.284123
-0.283506
-0.283353
-0.283389
-0.283787
-0.284362
-0.285239
-0.286033
-0.286679
-0.287073
-0.287185
-0.284307
-0.284226
-0.284421
-0.284815
-0.285494
-0.286074
-0.286534
-0.286736
-0.286853
-0.286536
-0.286145
-0.285528
-0.284984
-0.284641
-0.28445
-0.284636
-0.284901
-0.285347
-0.285814
-0.286164
-0.286322
-0.286205
-0.285919
-0.285459
-0.285044
-0.284889
-0.28476
-0.285079
-0.285428
-0.285859
-0.286226
-0.286493
-0.286539
-0.286295
-0.285711
-0.285182
-0.284657
-0.284445
-0.284414
-0.284786
-0.285485
-0.286131
-0.286775
-0.287163
-0.287201
-0.286736
-0.286026
-0.285058
-0.284429
-0.283897