-0.287287
-0.287142
-0.286648
-0.286112
-0.285676
-0.285256
-0.284958
-0.284903
-0.285065
-0.285416
-0.28578
-0.286045
-0.286131
-0.285854
-0.285616
-0.28518
-0.284748
-0.284657
-0.284638
-0.284886
-0.285394
-0.28595
-0.286427
-0.286758
-0.286837
-0.286665
-0.286083
-0.285528
-0.284848
-0.284462
-0.284235
-0.284345
-0.284734
-0.285373
-0.285852
-0.286355
-0.286627
-0.286639
-0.286353
-0.286081
-0.285702
-0.285351
-0.285072
-0.28511
-0.285134
-0.285149
-0.285208
-0.285308
-0.285025
-0.284963
-0.28224
-0.283523
-0.28522
-0.286961
-0.288389
-0.289395
-0.289674
-0.289299
-0.288298
-0.287011
-0.285382
-0.283988
-0.282786
-0.282094
-0.282049
-0.2825
-0.283387
-0.284586
-0.285923
-0.286984
-0.287755
-0.288172
-0.288093
-0.287673
-0.286949
-0.286131
-0.285254
-0.284505
-0.284076
-0.28372
-0.283799
-0.284081
-0.284464
-0.284922
-0.285459
-0.285971
-0.286276
-0.28656
-0.286567
-0.286627
-0.286591
-0.286517
-0.286205
-0.286026
-0.285709
-0.285342
-0.285091
-0.284812
-0.284476
-0.284274
-0.284486
-0.284617
-0.285146
-0.285587
-0.286312
-0.287044
-0.28748
-0.287664
-0.287471
-0.286794
-0.285628
-0.28394
-0.281882
-0.27998
-0.278468
-0.27796
-0.278964
-0.281603
-0.285959
-0.291383
-0.297272
-0.30237
-0.3055
-0.305691
-0.302367
-0.295479
-0.285718
-0.274787
-0.264192
-0.255935
-0.251706
-0.252464
-0.25866
-0.269585
-0.28368
-0.298772
-0.312521
-0.322587
-0.32702
-0.324926
-0.316844
-0.303974
-0.288663
-0.27317
-0.259991
-0.251136
-0.247641
-0.249791
-0.25718
-0.268233
-0.281253
-0.294077
-0.304811
-0.311942
-0.314684
-0.313079
-0.307653
-0.299587
-0.290401
-0.281465
-0.274065
-0.268946
-0.266728
-0.267217
-0.270262
-0.274935
-0.280433
-0.286062
-0.291011
-0.294609
-0.296755
-0.297005
-0.29587
-0.2935
-0.290396
-0.287106
-0.284061
-0.28161
-0.279872
-0.279081
-0.279071
-0.279934
-0.281346
-0.283136
-0.285037
-0.286732
-0.288024
-0.288949
-0.289192
-0.289104
-0.288544
-0.287859
-0.28692
-0.285785
-0.284781
-0.283968
-0.283451
-0.283267
-0.283358
-0.283699
-0.284314
-0.284989
-0.285585
-0.286016
-0.286348
-0.286574
-0.28666
-0.286572
-0.286472
-0.286341
-0.286214
-0.286057
-0.286007
-0.285888
-0.285695
-0.28543
-0.285153
-0.284789
-0.284569
-0.284407
-0.284448
-0.284672
-0.285079
-0.28563
-0.285952
-0.286329
-0.28651
-0.286551
-0.28657
-0.286388
-0.286133
-0.285883
-0.285738
-0.285506
-0.285258
-0.285175
-0.285017
-0.284972
-0.284884
-0.284972
-0.285091
-0.285289
-0.285485
-0.285776
-0.285962
-0.28614
-0.28625
-0.28616
-0.286031
-0.285881
-0.28729
-0.286691
-0.286064
-0.285215
-0.284522
-0.284104
-0.283928
-0.283999
-0.284512
-0.285223
-0.285933
-0.286422
-0.286767
-0.286891
-0.286837
-0.286448
-0.285933
-0.285439
-0.285008
-0.284786
-0.284827
-0.285022
-0.285313
-0.285604
-0.285909
-0.28595
-0.285964
-0.285833
-0.285575
-0.285408
-0.28522
-0.285189
-0.285442
-0.285542
-0.285904
-0.285959
-0.286093
-0.286078
-0.285954
-0.285838
-0.285559
-0.28559
-0.285566
-0.28563
-0.28578
-0.285723
-0.285678
-0.285711
-0.285463
-0.285258