-0.286002
-0.286405
-0.286715
-0.286667
-0.286376
-0.285838
-0.285211
-0.284679
-0.284433
-0.284653
-0.285113
-0.285776
-0.286651
-0.287373
-0.287719
-0.287757
-0.287294
-0.286431
-0.285423
-0.284414
-0.283587
-0.283294
-0.283425
-0.28403
-0.285048
-0.286164
-0.287173
-0.288022
-0.28851
-0.288453
-0.288076
-0.287173
-0.286176
-0.285103
-0.284114
-0.283377
-0.283136
-0.283253
-0.283704
-0.284383
-0.285289
-0.286381
-0.28717
-0.287802
-0.288243
-0.28837
-0.288005
-0.287309
-0.286591
-0.285773
-0.285516
-0.286233
-0.287008
-0.287535
-0.287793
-0.287669
-0.287294
-0.286567
-0.285702
-0.284762
-0.284107
-0.283654
-0.283525
-0.283761
-0.284264
-0.284965
-0.285766
-0.286565
-0.287132
-0.287552
-0.287492
-0.287461
-0.287099
-0.28651
-0.285809
-0.285156
-0.284519
-0.28409
-0.283854
-0.283847
-0.284073
-0.284603
-0.285342
-0.286231
-0.28703
-0.287831
-0.288215
-0.288231
-0.287986
-0.28723
-0.286322
-0.285144
-0.284107
-0.283325
-0.282803
-0.282888
-0.283394
-0.284534
-0.286074
-0.287662
-0.288994
-0.2897
-0.289562
-0.288703
-0.286741
-0.284345
-0.281551
-0.279078
-0.277343
-0.276949
-0.278215
-0.281351
-0.285988
-0.291717
-0.297456
-0.302365
-0.305369
-0.305505
-0.30216
-0.295496
-0.286505
-0.276027
-0.265927
-0.257866
-0.253608
-0.254021
-0.259349
-0.269134
-0.282271
-0.296423
-0.309653
-0.319769
-0.3248
-0.324056
-0.317497
-0.306187
-0.291984
-0.276992
-0.263677
-0.253899
-0.249102
-0.24977
-0.255613
-0.265579
-0.278072
-0.290937
-0.302379
-0.310709
-0.314994
-0.314655
-0.31023
-0.302634
-0.293336
-0.283909
-0.275421
-0.26943
-0.266097
-0.266025
-0.268483
-0.273061
-0.278919
-0.284991
-0.290496
-0.294774
-0.297363
-0.298121
-0.297227
-0.295005
-0.291862
-0.288451
-0.285087
-0.282345
-0.280235
-0.279088
-0.278878
-0.279319
-0.280566
-0.282216
-0.283885
-0.285752
-0.287399
-0.288756
-0.289805
-0.290351
-0.290511
-0.29012
-0.289216
-0.287764
-0.286233
-0.284476
-0.282869
-0.281744
-0.281003
-0.28085
-0.281441
-0.282676
-0.284171
-0.286098
-0.287836
-0.289328
-0.29011
-0.290298
-0.28981
-0.288775
-0.287161
-0.285592
-0.284102
-0.282876
-0.282109
-0.281956
-0.282385
-0.28322
-0.284398
-0.285621
-0.286958
-0.287917
-0.288601
-0.288775
-0.288606
-0.287993
-0.287125
-0.286105
-0.285163
-0.284388
-0.283923
-0.283747
-0.283866
-0.284114
-0.284584
-0.28523
-0.285871
-0.286438
-0.286896
-0.287282
-0.287335
-0.287313
-0.286992
-0.286493
-0.285769
-0.285168
-0.284584
-0.284116
-0.284014
-0.284247
-0.284607
-0.285287
-0.286007
-0.286703
-0.287175
-0.287609
-0.28429
-0.285425
-0.28656
-0.287557
-0.288253
-0.288348
-0.288129
-0.287516
-0.286524
-0.285394
-0.284553
-0.283895
-0.283639
-0.283566
-0.283902
-0.284564
-0.285199
-0.285928
-0.286372
-0.286703
-0.286913
-0.286942
-0.28671
-0.286441
-0.285993
-0.28564
-0.285416
-0.285335
-0.285342
-0.285382
-0.285399
-0.285368
-0.285366
-0.285289
-0.285189
-0.285234
-0.285192
-0.285492
-0.285714
-0.286055
-0.286338
-0.286634
-0.286992
-0.286956
-0.286696
-0.28635
-0.285721
-0.285382
-0.285053
-0.284755