-0.285718
-0.284858
-0.284278
-0.283825
-0.283887
-0.284286
-0.284841
-0.285649
-0.286467
-0.287044
-0.287397
-0.287461
-0.287225
-0.286686
-0.285976
-0.285196
-0.284631
-0.284395
-0.284412
-0.284615
-0.285072
-0.285518
-0.286012
-0.286262
-0.286427
-0.286455
-0.286357
-0.286236
-0.286148
-0.285957
-0.286007
-0.285878
-0.285938
-0.285873
-0.285783
-0.285499
-0.285213
-0.284979
-0.284641
-0.284548
-0.284679
-0.284803
-0.285389
-0.285854
-0.286446
-0.286908
-0.28718
-0.287142
-0.286791
-0.286379
-0.284472
-0.284803
-0.285387
-0.28605
-0.286589
-0.287161
-0.287366
-0.287337
-0.287092
-0.286381
-0.285728
-0.284886
-0.284088
-0.283606
-0.283527
-0.283809
-0.284462
-0.285349
-0.286293
-0.287309
-0.287886
-0.288119
-0.287936
-0.287249
-0.286245
-0.285132
-0.28399
-0.283339
-0.283053
-0.283284
-0.283971
-0.285108
-0.286303
-0.287354
-0.288155
-0.288408
-0.2882
-0.287378
-0.286353
-0.285041
-0.283997
-0.283194
-0.282876
-0.283198
-0.284059
-0.285397
-0.286753
-0.288079
-0.289087
-0.289762
-0.289478
-0.288672
-0.286925
-0.284529
-0.281579
-0.278943
-0.276842
-0.275767
-0.276363
-0.278747
-0.283051
-0.288851
-0.295348
-0.301607
-0.306296
-0.308294
-0.306854
-0.301573
-0.29299
-0.282111
-0.270653
-0.260382
-0.253143
-0.250511
-0.253041
-0.260689
-0.272784
-0.287335
-0.302136
-0.315104
-0.323832
-0.326927
-0.32387
-0.315087
-0.302212
-0.287228
-0.272298
-0.259907
-0.251651
-0.248666
-0.250995
-0.25821
-0.268898
-0.281394
-0.293643
-0.304077
-0.311034
-0.314047
-0.312738
-0.307775
-0.300274
-0.291564
-0.282948
-0.275633
-0.270536
-0.267799
-0.267744
-0.269959
-0.27385
-0.278728
-0.283997
-0.288963
-0.292964
-0.295894
-0.29726
-0.297351
-0.29603
-0.293565
-0.290382
-0.286925
-0.283461
-0.280318
-0.278044
-0.27689
-0.27698
-0.278192
-0.280416
-0.283339
-0.286396
-0.289159
-0.2913
-0.292335
-0.292511
-0.291634
-0.290027
-0.287957
-0.285652
-0.283544
-0.282001
-0.281358
-0.281191
-0.28187
-0.282893
-0.284193
-0.285327
-0.286417
-0.287101
-0.287402
-0.287399
-0.287139
-0.286942
-0.286567
-0.286217
-0.286036
-0.285938
-0.285954
-0.286021
-0.285907
-0.285673
-0.285459
-0.285311
-0.285082
-0.284898
-0.284758
-0.284889
-0.284979
-0.285025
-0.28523
-0.285358
-0.285578
-0.28595
-0.286338
-0.286567
-0.286875
-0.287087
-0.287302
-0.287235
-0.287092
-0.286491
-0.285914
-0.285251
-0.284543
-0.283911
-0.283465
-0.283334
-0.283582
-0.28409
-0.28491
-0.285943
-0.286918
-0.287707
-0.288255
-0.288467
-0.28836
-0.2879
-0.286922
-0.285838
-0.284774
-0.283918
-0.28336
-0.284297
-0.28486
-0.285487
-0.286019
-0.286379
-0.286622
-0.286794
-0.286846
-0.286825
-0.286736
-0.28661
-0.286386
-0.285983
-0.285528
-0.285056
-0.284631
-0.284321
-0.284102
-0.284193
-0.284531
-0.285103
-0.285847
-0.286591
-0.28717
-0.287595
-0.287716
-0.287395
-0.286872
-0.286224
-0.285435
-0.284705
-0.284219
-0.283978
-0.284109
-0.284398
-0.284853
-0.285277
-0.285981
-0.286489
-0.286932
-0.287275
-0.287235
-0.287094
-0.286837
-0.286293
-0.28569
-0.285156
-0.28466
-0.284541
-0.28455