-0.284059
-0.284383
-0.284848
-0.285585
-0.28625
-0.286794
-0.28718
-0.28729
-0.287216
-0.286951
-0.286415
-0.285747
-0.285296
-0.284803
-0.284712
-0.284569
-0.284586
-0.28491
-0.285292
-0.285766
-0.286129
-0.286438
-0.286772
-0.286844
-0.286858
-0.286739
-0.286508
-0.2863
-0.285931
-0.285611
-0.285039
-0.284836
-0.284607
-0.284576
-0.284662
-0.284929
-0.285451
-0.285935
-0.286531
-0.286975
-0.287335
-0.287359
-0.287302
-0.286963
-0.286438
-0.285919
-0.285313
-0.284693
-0.284286
-0.284047
-0.283954
-0.283875
-0.284212
-0.284727
-0.285416
-0.286114
-0.286844
-0.287232
-0.287721
-0.28769
-0.287631
-0.287375
-0.286813
-0.286255
-0.285566
-0.285068
-0.284555
-0.284233
-0.284085
-0.284169
-0.284352
-0.284851
-0.285301
-0.286067
-0.28661
-0.287015
-0.287397
-0.287364
-0.287311
-0.287032
-0.286591
-0.2861
-0.285788
-0.285487
-0.285308
-0.285237
-0.285168
-0.285158
-0.28527
-0.285316
-0.285363
-0.285478
-0.285652
-0.285888
-0.28615
-0.286584
-0.287077
-0.287642
-0.287893
-0.288107
-0.288017
-0.287302
-0.286288
-0.2847
-0.2828
-0.280776
-0.279071
-0.278122
-0.278175
-0.27981
-0.282977
-0.28758
-0.292866
-0.298345
-0.302854
-0.30535
-0.304928
-0.301416
-0.294626
-0.28542
-0.275078
-0.265224
-0.257506
-0.253594
-0.254304
-0.260129
-0.270462
-0.283773
-0.298173
-0.311542
-0.32115
-0.325782
-0.324323
-0.316868
-0.30483
-0.290132
-0.27508
-0.261896
-0.252728
-0.248652
-0.250089
-0.256894
-0.267446
-0.280328
-0.293109
-0.304224
-0.311742
-0.315001
-0.31369
-0.308614
-0.300808
-0.291603
-0.282552
-0.275018
-0.269892
-0.267363
-0.267711
-0.270503
-0.274949
-0.280163
-0.285561
-0.290189
-0.29372
-0.295908
-0.29655
-0.296001
-0.294402
-0.29211
-0.289364
-0.286758
-0.284092
-0.281749
-0.280058
-0.279019
-0.27884
-0.279484
-0.28085
-0.282741
-0.284939
-0.287278
-0.28909
-0.290606
-0.291348
-0.291595
-0.290837
-0.289791
-0.288174
-0.286567
-0.284848
-0.28336
-0.282252
-0.281558
-0.281403
-0.281768
-0.282433
-0.283501
-0.284772
-0.286231
-0.287626
-0.288856
-0.289729
-0.290163
-0.289996
-0.28934
-0.288198
-0.286949
-0.285518
-0.284095
-0.283122
-0.282331
-0.282073
-0.282278
-0.282874
-0.283771
-0.285022
-0.286391
-0.28769
-0.28863
-0.28918
-0.289404
-0.289128
-0.288365
-0.287442
-0.286396
-0.285325
-0.284429
-0.283742
-0.283372
-0.283401
-0.283782
-0.2844
-0.28523
-0.28599
-0.286632
-0.287199
-0.287349
-0.287316
-0.286944
-0.286565
-0.286078
-0.285616
-0.285473
-0.285473
-0.285702
-0.285921
-0.286088
-0.28615
-0.286019
-0.28578
-0.285423
-0.285711
-0.285583
-0.285432
-0.285487
-0.285578
-0.285585
-0.285721
-0.285707
-0.285618
-0.285306
-0.285115
-0.28492
-0.28502
-0.285168
-0.285673
-0.286105
-0.286629
-0.287082
-0.287414
-0.287318
-0.287099
-0.286503
-0.285745
-0.285156
-0.284443
-0.28404
-0.283942
-0.283926
-0.284314
-0.284853
-0.285354
-0.286157
-0.286772
-0.287206
-0.287447
-0.287638
-0.287461
-0.287085
-0.286658
-0.286086
-0.285337
-0.284746
-0.284286
-0.284107
-0.284133
-0.284278
-0.284879
-0.28547
-0.286095
-0.286796