-0.286219
-0.286896
-0.287414
-0.287673
-0.287571
-0.287199
-0.286672
-0.286183
-0.28578
-0.285299
-0.285044
-0.284932
-0.284703
-0.284688
-0.284703
-0.284507
-0.28451
-0.284698
-0.284917
-0.285211
-0.285718
-0.286341
-0.28687
-0.287485
-0.287876
-0.288002
-0.287542
-0.286896
-0.285993
-0.284889
-0.283971
-0.283191
-0.282876
-0.282979
-0.283463
-0.284543
-0.285575
-0.286627
-0.28754
-0.287902
-0.288022
-0.287683
-0.28717
-0.286386
-0.285766
-0.285144
-0.284693
-0.28451
-0.284386
-0.284541
-0.28465
-0.284758
-0.285015
-0.285091
-0.285413
-0.285792
-0.286055
-0.286424
-0.286696
-0.286887
-0.286951
-0.286639
-0.286191
-0.285532
-0.284686
-0.283959
-0.283399
-0.283353
-0.283513
-0.284035
-0.284986
-0.285928
-0.287018
-0.287719
-0.287993
-0.287809
-0.287168
-0.286281
-0.285184
-0.284314
-0.283597
-0.283296
-0.283432
-0.28403
-0.28476
-0.285671
-0.286472
-0.286965
-0.287077
-0.286901
-0.286431
-0.285845
-0.285239
-0.284927
-0.284758
-0.284812
-0.285184
-0.285578
-0.286155
-0.286493
-0.286703
-0.286667
-0.286505
-0.286191
-0.285773
-0.285509
-0.285108
-0.284679
-0.284131
-0.283427
-0.282552
-0.281656
-0.280921
-0.280817
-0.281541
-0.283356
-0.286264
-0.290301
-0.294654
-0.298884
-0.301812
-0.302501
-0.300567
-0.295627
-0.288067
-0.278804
-0.269215
-0.260825
-0.255454
-0.25418
-0.257623
-0.265849
-0.277576
-0.291588
-0.305338
-0.317094
-0.324407
-0.326028
-0.321667
-0.311749
-0.297894
-0.282331
-0.267475
-0.255322
-0.248024
-0.24626
-0.250156
-0.259116
-0.271487
-0.285535
-0.298848
-0.309491
-0.316167
-0.318096
-0.315151
-0.30812
-0.298429
-0.287783
-0.277598
-0.269451
-0.264275
-0.262575
-0.264184
-0.26855
-0.275006
-0.282147
-0.289054
-0.294743
-0.298655
-0.300403
-0.299997
-0.297663
-0.293829
-0.289519
-0.285091
-0.281279
-0.278318
-0.276752
-0.276394
-0.277088
-0.278924
-0.281322
-0.284126
-0.286779
-0.289049
-0.29084
-0.291662
-0.291662
-0.290763
-0.289259
-0.287452
-0.285423
-0.283666
-0.282097
-0.2812
-0.281053
-0.281329
-0.282242
-0.283604
-0.285203
-0.286562
-0.287685
-0.288267
-0.288322
-0.287936
-0.287223
-0.286403
-0.285566
-0.284801
-0.284381
-0.284164
-0.284238
-0.284531
-0.284965
-0.285182
-0.285611
-0.285912
-0.286119
-0.28614
-0.286162
-0.285995
-0.285819
-0.28569
-0.285513
-0.285344
-0.285096
-0.284944
-0.28482
-0.284925
-0.285075
-0.285425
-0.28584
-0.286183
-0.286551
-0.286708
-0.286536
-0.286379
-0.285921
-0.285504
-0.285108
-0.284727
-0.284441
-0.284305
-0.284352
-0.284514
-0.284894
-0.28511
-0.285516
-0.285964
-0.286198
-0.285306
-0.285878
-0.286269
-0.286424
-0.286231
-0.285814
-0.285449
-0.28487
-0.284655
-0.284591
-0.285051
-0.285318
-0.28585
-0.286334
-0.286591
-0.286677
-0.286403
-0.286002
-0.285513
-0.285075
-0.284858
-0.284579
-0.284791
-0.284994
-0.285342
-0.285747
-0.285876
-0.285983
-0.285859
-0.285659
-0.285447
-0.28522
-0.285234
-0.285316
-0.285647
-0.286086
-0.286434
-0.286751
-0.286813
-0.286651
-0.286078
-0.285282
-0.284443
-0.283663
-0.283134
-0.28322
-0.283463
-0.284457
-0.285759
-0.287108