-0.284424
-0.284238
-0.284314
-0.28482
-0.285609
-0.286314
-0.287185
-0.287688
-0.288019
-0.28779
-0.287366
-0.286748
-0.28594
-0.285137
-0.284362
-0.283823
-0.283582
-0.283642
-0.283999
-0.284724
-0.285463
-0.286424
-0.287125
-0.287831
-0.288241
-0.288374
-0.288148
-0.287743
-0.286856
-0.285838
-0.284817
-0.283868
-0.282969
-0.282681
-0.282803
-0.283382
-0.284443
-0.285816
-0.287154
-0.28837
-0.289104
-0.28929
-0.288918
-0.287809
-0.28671
-0.285318
-0.284145
-0.28347
-0.283158
-0.283291
-0.28403
-0.283942
-0.283957
-0.284221
-0.28476
-0.28549
-0.286319
-0.287132
-0.287845
-0.288174
-0.288169
-0.287797
-0.28707
-0.286069
-0.28497
-0.284059
-0.283279
-0.28286
-0.283062
-0.283489
-0.284324
-0.285466
-0.286515
-0.287607
-0.288327
-0.288579
-0.288224
-0.287442
-0.286374
-0.285256
-0.284352
-0.283782
-0.283642
-0.284135
-0.284863
-0.285745
-0.286424
-0.287085
-0.287237
-0.286961
-0.286288
-0.285387
-0.284574
-0.283988
-0.283873
-0.284162
-0.284975
-0.286145
-0.287519
-0.288677
-0.289495
-0.289695
-0.289056
-0.287678
-0.28547
-0.282776
-0.27992
-0.277336
-0.275843
-0.275662
-0.277393
-0.280988
-0.286162
-0.29248
-0.298936
-0.304356
-0.30781
-0.307982
-0.30472
-0.29772
-0.287938
-0.276616
-0.265396
-0.256288
-0.251005
-0.250661
-0.255589
-0.265365
-0.279
-0.294285
-0.308621
-0.320299
-0.326929
-0.327351
-0.321457
-0.310423
-0.295918
-0.280149
-0.26566
-0.254653
-0.248425
-0.247948
-0.252759
-0.262089
-0.274239
-0.287294
-0.299246
-0.308461
-0.313745
-0.314622
-0.311387
-0.304894
-0.296428
-0.287454
-0.279202
-0.272663
-0.268617
-0.267341
-0.26855
-0.271797
-0.276604
-0.281978
-0.287151
-0.291564
-0.294685
-0.296371
-0.296659
-0.295596
-0.293241
-0.290554
-0.287423
-0.284541
-0.282049
-0.280232
-0.279398
-0.279369
-0.280182
-0.281529
-0.283134
-0.284927
-0.286701
-0.288098
-0.289245
-0.289736
-0.289915
-0.289495
-0.288579
-0.287454
-0.286226
-0.284805
-0.283775
-0.282905
-0.282571
-0.282583
-0.28307
-0.283899
-0.284872
-0.28595
-0.286698
-0.287318
-0.287685
-0.287755
-0.287516
-0.287158
-0.286729
-0.286195
-0.28558
-0.285056
-0.284603
-0.284336
-0.28415
-0.284333
-0.28456
-0.285141
-0.285645
-0.286295
-0.286777
-0.287225
-0.287247
-0.286992
-0.286696
-0.286255
-0.285687
-0.285215
-0.284867
-0.284748
-0.284719
-0.284851
-0.285025
-0.285439
-0.285871
-0.286093
-0.286467
-0.286622
-0.286632
-0.286541
-0.286345
-0.285928
-0.28549
-0.285158
-0.284908
-0.284851
-0.285068
-0.285313
-0.285501
-0.28584
-0.285919
-0.286074
-0.2861
-0.286007
-0.288606
-0.288692
-0.288098
-0.287175
-0.285916
-0.284691
-0.283711
-0.283194
-0.283122
-0.283587
-0.284486
-0.285511
-0.286505
-0.287371
-0.287766
-0.287898
-0.287848
-0.287442
-0.286884
-0.286369
-0.285823
-0.285473
-0.285153
-0.28496
-0.284839
-0.284858
-0.284891
-0.284989
-0.285034
-0.285251
-0.285716
-0.286238
-0.286679
-0.28708
-0.287321
-0.287416
-0.287266
-0.286903
-0.286405
-0.285788
-0.285356
-0.284979
-0.284874
-0.284805
-0.284922
-0.285189
-0.285494
-0.285769
-0.286162
-0.286596