-0.286629
-0.286982
-0.287206
-0.287168
-0.286765
-0.286326
-0.285778
-0.285461
-0.285275
-0.285208
-0.285337
-0.285335
-0.285494
-0.285561
-0.285571
-0.28533
-0.285342
-0.285289
-0.28538
-0.285668
-0.286098
-0.286593
-0.286822
-0.286989
-0.286891
-0.286496
-0.285912
-0.28507
-0.284379
-0.283823
-0.283737
-0.283952
-0.28477
-0.285666
-0.286891
-0.287709
-0.288293
-0.288343
-0.287697
-0.286615
-0.285296
-0.284019
-0.28311
-0.282698
-0.282984
-0.283828
-0.285084
-0.286593
-0.287917
-0.288868
-0.284283
-0.284016
-0.283844
-0.284004
-0.284381
-0.284882
-0.285618
-0.286376
-0.287118
-0.287633
-0.287864
-0.287642
-0.287225
-0.286567
-0.28563
-0.284898
-0.284274
-0.284047
-0.283904
-0.284202
-0.284572
-0.285294
-0.285876
-0.286388
-0.286763
-0.287075
-0.286949
-0.286765
-0.286477
-0.286083
-0.285621
-0.285242
-0.28496
-0.284793
-0.28477
-0.28482
-0.285056
-0.285428
-0.28585
-0.286336
-0.286608
-0.286784
-0.286946
-0.286841
-0.286624
-0.286181
-0.285633
-0.285215
-0.284615
-0.284319
-0.28409
-0.284369
-0.284946
-0.285869
-0.287027
-0.288124
-0.288789
-0.288763
-0.287981
-0.28615
-0.283618
-0.280645
-0.27813
-0.276437
-0.276556
-0.278814
-0.283189
-0.289285
-0.29628
-0.302713
-0.307331
-0.308628
-0.305955
-0.299304
-0.289321
-0.277328
-0.265517
-0.255814
-0.250161
-0.249703
-0.255208
-0.266013
-0.280437
-0.296454
-0.31137
-0.322759
-0.328622
-0.327644
-0.320292
-0.307634
-0.291798
-0.27549
-0.261278
-0.251133
-0.246751
-0.248191
-0.255122
-0.266199
-0.279298
-0.292695
-0.303953
-0.311728
-0.315123
-0.314014
-0.308943
-0.30138
-0.29228
-0.283382
-0.275846
-0.270264
-0.267525
-0.267317
-0.269487
-0.27355
-0.27874
-0.284362
-0.289683
-0.293796
-0.296731
-0.298047
-0.297673
-0.295813
-0.292706
-0.289016
-0.285313
-0.281966
-0.279481
-0.278008
-0.277727
-0.278361
-0.279849
-0.281997
-0.284519
-0.287058
-0.289218
-0.290709
-0.291593
-0.291545
-0.290792
-0.289438
-0.287604
-0.285785
-0.283866
-0.282283
-0.281219
-0.280919
-0.281177
-0.282197
-0.28358
-0.285311
-0.28686
-0.288208
-0.289004
-0.289464
-0.289249
-0.288596
-0.287635
-0.286484
-0.285351
-0.284355
-0.283678
-0.28348
-0.28357
-0.283937
-0.284598
-0.285275
-0.28584
-0.286412
-0.286703
-0.28682
-0.286653
-0.286329
-0.286179
-0.28594
-0.285792
-0.285742
-0.285859
-0.285954
-0.28604
-0.286124
-0.286069
-0.285983
-0.285666
-0.285449
-0.285289
-0.285091
-0.285089
-0.285196
-0.285306
-0.285678
-0.285871
-0.286145
-0.28615
-0.286026
-0.286057
-0.285852
-0.285757
-0.285625
-0.285811
-0.285926
-0.28429
-0.284648
-0.285161
-0.285623
-0.286038
-0.286081
-0.28605
-0.285854
-0.285664
-0.285447
-0.285459
-0.285649
-0.285892
-0.286059
-0.286098
-0.286038
-0.285716
-0.285344
-0.284948
-0.284479
-0.284233
-0.28445
-0.284803
-0.285344
-0.285959
-0.286424
-0.286698
-0.28687
-0.286546
-0.286226
-0.285773
-0.28523
-0.284712
-0.284541
-0.28439
-0.284657
-0.284741
-0.285187
-0.285685
-0.286157
-0.286608
-0.287004
-0.286961
-0.286868
-0.286527
-0.286114
-0.285497
-0.284874
-0.284414
-0.284073