-0.286791
-0.287032
-0.287106
-0.286908
-0.286634
-0.286222
-0.285721
-0.285399
-0.285277
-0.285213
-0.285285
-0.285475
-0.285463
-0.285249
-0.28513
-0.285084
-0.28487
-0.285101
-0.285418
-0.285823
-0.286379
-0.28703
-0.287528
-0.287755
-0.28748
-0.28702
-0.286164
-0.285027
-0.283911
-0.283163
-0.282955
-0.283186
-0.283835
-0.284958
-0.286176
-0.287285
-0.287941
-0.288281
-0.288095
-0.287521
-0.286617
-0.285556
-0.284593
-0.284014
-0.283661
-0.283861
-0.284374
-0.284941
-0.285428
-0.285883
-0.285447
-0.285885
-0.286193
-0.286455
-0.286655
-0.286696
-0.286627
-0.286283
-0.286026
-0.285552
-0.285254
-0.284891
-0.28465
-0.284576
-0.284734
-0.284913
-0.285194
-0.285556
-0.285947
-0.286224
-0.286448
-0.286398
-0.286362
-0.286069
-0.285625
-0.285411
-0.285151
-0.284898
-0.285003
-0.28518
-0.28542
-0.285752
-0.286121
-0.286338
-0.286508
-0.286362
-0.286222
-0.285873
-0.28543
-0.285017
-0.28475
-0.284564
-0.284603
-0.284786
-0.285139
-0.285537
-0.2861
-0.286658
-0.287192
-0.287745
-0.287988
-0.287902
-0.287383
-0.286283
-0.284534
-0.282383
-0.280027
-0.278215
-0.277159
-0.277584
-0.279648
-0.28358
-0.288949
-0.295105
-0.300965
-0.305347
-0.3071
-0.305312
-0.300028
-0.291264
-0.280404
-0.268931
-0.258875
-0.252194
-0.250192
-0.253479
-0.262282
-0.275311
-0.290596
-0.30607
-0.318918
-0.327077
-0.329111
-0.324514
-0.313985
-0.299425
-0.282977
-0.267351
-0.254807
-0.247116
-0.245235
-0.249128
-0.257943
-0.270386
-0.284276
-0.297623
-0.308266
-0.315216
-0.317438
-0.315065
-0.309019
-0.300391
-0.290575
-0.28111
-0.273113
-0.267582
-0.264685
-0.264795
-0.267432
-0.272062
-0.27782
-0.284219
-0.290062
-0.294998
-0.298412
-0.29994
-0.299716
-0.297854
-0.294602
-0.290632
-0.286334
-0.282288
-0.278914
-0.276501
-0.275519
-0.275807
-0.2773
-0.279911
-0.282969
-0.286012
-0.288901
-0.291102
-0.292451
-0.292807
-0.292118
-0.290804
-0.28883
-0.286639
-0.284495
-0.282774
-0.281467
-0.281005
-0.28116
-0.281863
-0.282826
-0.284252
-0.28549
-0.286615
-0.287426
-0.287898
-0.288057
-0.287802
-0.287478
-0.286889
-0.286341
-0.285754
-0.285246
-0.284913
-0.284746
-0.284693
-0.284624
-0.284626
-0.284708
-0.284984
-0.285318
-0.285769
-0.286088
-0.286505
-0.286617
-0.286694
-0.286551
-0.286324
-0.285978
-0.285559
-0.28533
-0.285082
-0.28487
-0.284934
-0.28511
-0.28533
-0.285571
-0.285819
-0.285876
-0.286007
-0.285938
-0.28599
-0.286045
-0.286036
-0.28609
-0.28615
-0.286064
-0.285845
-0.28553
-0.285103
-0.284839
-0.284488
-0.284348
-0.284383
-0.284836
-0.285497
-0.284996
-0.284498
-0.284328
-0.284288
-0.284462
-0.284796
-0.285051
-0.285504
-0.285892
-0.286248
-0.286496
-0.286796
-0.286739
-0.286798
-0.286546
-0.286357
-0.286036
-0.285733
-0.285251
-0.284801
-0.28439
-0.284178
-0.284002
-0.284121
-0.284626
-0.285144
-0.285938
-0.286627
-0.287237
-0.287642
-0.28774
-0.287554
-0.287135
-0.286326
-0.285521
-0.284657
-0.283856
-0.283644
-0.283604
-0.284004
-0.284619
-0.285363
-0.286033
-0.286591
-0.287061
-0.287232
-0.287132
-0.287056
-0.286641
-0.286305