-0.284116
-0.284123
-0.2844
-0.284815
-0.285337
-0.285892
-0.286343
-0.28667
-0.286865
-0.287006
-0.286939
-0.28682
-0.286524
-0.286338
-0.285852
-0.285435
-0.284994
-0.284557
-0.284247
-0.284104
-0.284307
-0.284677
-0.285335
-0.285921
-0.286541
-0.287013
-0.287392
-0.287504
-0.287251
-0.286908
-0.286312
-0.285711
-0.28527
-0.284758
-0.284491
-0.284364
-0.284433
-0.284629
-0.284839
-0.285196
-0.285435
-0.28578
-0.286007
-0.286293
-0.286665
-0.286906
-0.287111
-0.287085
-0.287001
-0.286546
-0.283332
-0.28374
-0.284405
-0.285246
-0.286167
-0.286789
-0.287328
-0.287743
-0.287616
-0.287302
-0.286639
-0.285845
-0.28507
-0.284386
-0.283775
-0.283682
-0.28393
-0.284417
-0.28512
-0.28599
-0.28688
-0.287344
-0.28744
-0.287254
-0.28676
-0.286081
-0.285428
-0.284791
-0.284626
-0.284598
-0.284889
-0.285327
-0.2858
-0.286191
-0.286424
-0.286474
-0.28614
-0.285764
-0.285366
-0.285184
-0.285079
-0.285258
-0.285602
-0.286107
-0.286527
-0.286913
-0.287082
-0.287066
-0.286772
-0.286179
-0.285568
-0.284812
-0.284035
-0.283298
-0.282676
-0.282073
-0.281789
-0.281889
-0.282617
-0.284004
-0.286052
-0.289037
-0.292408
-0.295677
-0.298302
-0.299513
-0.298748
-0.295539
-0.289993
-0.282726
-0.274677
-0.267124
-0.261576
-0.259075
-0.26052
-0.265956
-0.275159
-0.286765
-0.299015
-0.310082
-0.317888
-0.321102
-0.319192
-0.312009
-0.300801
-0.287356
-0.273743
-0.262177
-0.254107
-0.25075
-0.252769
-0.259352
-0.269628
-0.281706
-0.293901
-0.304308
-0.311604
-0.314503
-0.313289
-0.308177
-0.300336
-0.291135
-0.281918
-0.274143
-0.268579
-0.265849
-0.265985
-0.268698
-0.273361
-0.279217
-0.285344
-0.290997
-0.295389
-0.298114
-0.299225
-0.298481
-0.296142
-0.292768
-0.288942
-0.284932
-0.281448
-0.27878
-0.277138
-0.27683
-0.277596
-0.279214
-0.281487
-0.28414
-0.286691
-0.288947
-0.290558
-0.291584
-0.291715
-0.291173
-0.290122
-0.28856
-0.286932
-0.28511
-0.283566
-0.282388
-0.28152
-0.281339
-0.281608
-0.282369
-0.28331
-0.284545
-0.285771
-0.28707
-0.288076
-0.288699
-0.289009
-0.288961
-0.288517
-0.287671
-0.286846
-0.285759
-0.284846
-0.284147
-0.283561
-0.283315
-0.283327
-0.283518
-0.283988
-0.284491
-0.285063
-0.285745
-0.286345
-0.286884
-0.287359
-0.287616
-0.287726
-0.287755
-0.287414
-0.286918
-0.286396
-0.285726
-0.285094
-0.28481
-0.284374
-0.284283
-0.2843
-0.28456
-0.284753
-0.285149
-0.285358
-0.285683
-0.285971
-0.286119
-0.286267
-0.286396
-0.286591
-0.286639
-0.286644
-0.286489
-0.286365
-0.286119
-0.285809
-0.285456
-0.28511
-0.284762
-0.287702
-0.287504
-0.287108
-0.286305
-0.28553
-0.284913
-0.284305
-0.283992
-0.28409
-0.284503
-0.28513
-0.285969
-0.286796
-0.287344
-0.287564
-0.287373
-0.286877
-0.286095
-0.285442
-0.284922
-0.284643
-0.284526
-0.284855
-0.285254
-0.28584
-0.286293
-0.286603
-0.286717
-0.286634
-0.286398
-0.286112
-0.285864
-0.285773
-0.285838
-0.285892
-0.285969
-0.285826
-0.285578
-0.285289
-0.284956
-0.284805
-0.284731
-0.285141
-0.285554
-0.286376
-0.287156
-0.287941
-0.288465
-0.28861
-0.288358