-0.28549
-0.284729
-0.284162
-0.283704
-0.283782
-0.284352
-0.285387
-0.286651
-0.287914
-0.288866
-0.289271
-0.289009
-0.288117
-0.286674
-0.285149
-0.28367
-0.282404
-0.281785
-0.281873
-0.282569
-0.283868
-0.285468
-0.287108
-0.288384
-0.289221
-0.289423
-0.289176
-0.288146
-0.28672
-0.285397
-0.284038
-0.283155
-0.282619
-0.282588
-0.283237
-0.284197
-0.285282
-0.286374
-0.287108
-0.287848
-0.288057
-0.287902
-0.28739
-0.286772
-0.285971
-0.285082
-0.284407
-0.28399
-0.283706
-0.283883
-0.283821
-0.284028
-0.284519
-0.285244
-0.286069
-0.286806
-0.287368
-0.287583
-0.28764
-0.287144
-0.28641
-0.285532
-0.28465
-0.283778
-0.283327
-0.283365
-0.283694
-0.284393
-0.285423
-0.286407
-0.287187
-0.287642
-0.287702
-0.287437
-0.286803
-0.285966
-0.284851
-0.284047
-0.283616
-0.28348
-0.283842
-0.284486
-0.285404
-0.286329
-0.287108
-0.287576
-0.287604
-0.287399
-0.286729
-0.286057
-0.285251
-0.284615
-0.284083
-0.283811
-0.283897
-0.284092
-0.284598
-0.285254
-0.285945
-0.286789
-0.287411
-0.287991
-0.288315
-0.288229
-0.287843
-0.28702
-0.285771
-0.284195
-0.282407
-0.280519
-0.278814
-0.27766
-0.277348
-0.278304
-0.280669
-0.284562
-0.289607
-0.295372
-0.301044
-0.305457
-0.307667
-0.306773
-0.302489
-0.294731
-0.28435
-0.272822
-0.261691
-0.253015
-0.24817
-0.24863
-0.254443
-0.265467
-0.280058
-0.296333
-0.311761
-0.323989
-0.330882
-0.331328
-0.324919
-0.312881
-0.297065
-0.279953
-0.264137
-0.251858
-0.244586
-0.243411
-0.248137
-0.2578
-0.270767
-0.285034
-0.298524
-0.309398
-0.316193
-0.318279
-0.315816
-0.309474
-0.300429
-0.290313
-0.280373
-0.272141
-0.266361
-0.263655
-0.263979
-0.267086
-0.27226
-0.278721
-0.285423
-0.291538
-0.2964
-0.299542
-0.300653
-0.299714
-0.29711
-0.293052
-0.288589
-0.284047
-0.28008
-0.277057
-0.275428
-0.275328
-0.276535
-0.278871
-0.282059
-0.285358
-0.288694
-0.291271
-0.292752
-0.29309
-0.292368
-0.290723
-0.288424
-0.285871
-0.283756
-0.281901
-0.280643
-0.280256
-0.280707
-0.281785
-0.283401
-0.285337
-0.286989
-0.28842
-0.289378
-0.289767
-0.289431
-0.288646
-0.287452
-0.285916
-0.284445
-0.283179
-0.282378
-0.28214
-0.282481
-0.283356
-0.28446
-0.285802
-0.287118
-0.288172
-0.288656
-0.288522
-0.288138
-0.287266
-0.286086
-0.284808
-0.283673
-0.282958
-0.282652
-0.282919
-0.283701
-0.284822
-0.286047
-0.287311
-0.288041
-0.28832
-0.288272
-0.287635
-0.286481
-0.285401
-0.284247
-0.283475
-0.283046
-0.283241
-0.283656
-0.284605
-0.285473
-0.286386
-0.287092
-0.287406
-0.287416
-0.287025
-0.286827
-0.286615
-0.286243
-0.285621
-0.285087
-0.284553
-0.284052
-0.283737
-0.283689
-0.284095
-0.284781
-0.285516
-0.286291
-0.287194
-0.287659
-0.287809
-0.287652
-0.287039
-0.286119
-0.285161
-0.284295
-0.283706
-0.28327
-0.283408
-0.283914
-0.284784
-0.285745
-0.28657
-0.287294
-0.287762
-0.287476
-0.287271
-0.286632
-0.285857
-0.285108
-0.284526
-0.284128
-0.284162
-0.284219
-0.284588
-0.285013
-0.285473
-0.285954
-0.286403
-0.286574
-0.286691
-0.28671
-0.286572
-0.286505
-0.2864