-0.28522
-0.284805
-0.284505
-0.284531
-0.284581
-0.284724
-0.285015
-0.28512
-0.285242
-0.285375
-0.285344
-0.285318
-0.285285
-0.285425
-0.285547
-0.285604
-0.285506
-0.285358
-0.285292
-0.28512
-0.284886
-0.284858
-0.284631
-0.284743
-0.285039
-0.285273
-0.285549
-0.285716
-0.285788
-0.285876
-0.285642
-0.285468
-0.285304
-0.285032
-0.284922
-0.284929
-0.284753
-0.284739
-0.284805
-0.284748
-0.284822
-0.284936
-0.285101
-0.285296
-0.285382
-0.285618
-0.285738
-0.285797
-0.285668
-0.285506
-0.28456
-0.284445
-0.284321
-0.284553
-0.285094
-0.285573
-0.286205
-0.286548
-0.286593
-0.286305
-0.285747
-0.284867
-0.284288
-0.283661
-0.283477
-0.283611
-0.284111
-0.28481
-0.285597
-0.286241
-0.286663
-0.286801
-0.286617
-0.286217
-0.285602
-0.284951
-0.284388
-0.284052
-0.283961
-0.283921
-0.284209
-0.284581
-0.285068
-0.285485
-0.285759
-0.285928
-0.286024
-0.286121
-0.28599
-0.285752
-0.28547
-0.285127
-0.284884
-0.284681
-0.28451
-0.284522
-0.284617
-0.284779
-0.285113
-0.285559
-0.286129
-0.286629
-0.286992
-0.287075
-0.286763
-0.285926
-0.284436
-0.282643
-0.280557
-0.27879
-0.277648
-0.277784
-0.279408
-0.282931
-0.287783
-0.293465
-0.299015
-0.30333
-0.305207
-0.303817
-0.298989
-0.290992
-0.280888
-0.270121
-0.26067
-0.2542
-0.252275
-0.255356
-0.263438
-0.2756
-0.289884
-0.304072
-0.316029
-0.323436
-0.325015
-0.320413
-0.310292
-0.296507
-0.281146
-0.266888
-0.255742
-0.249314
-0.248489
-0.253201
-0.262318
-0.274496
-0.287464
-0.29937
-0.30838
-0.313344
-0.313702
-0.309937
-0.302725
-0.293853
-0.284472
-0.276117
-0.270104
-0.266759
-0.266297
-0.268528
-0.272722
-0.278246
-0.28419
-0.289454
-0.293698
-0.296319
-0.297217
-0.296366
-0.294232
-0.291204
-0.287745
-0.284367
-0.281572
-0.279472
-0.278349
-0.278256
-0.279081
-0.280313
-0.282142
-0.284007
-0.285854
-0.287344
-0.288537
-0.289161
-0.289452
-0.28914
-0.288365
-0.287416
-0.286152
-0.285051
-0.283988
-0.283163
-0.282638
-0.282273
-0.282409
-0.282555
-0.283203
-0.283961
-0.284741
-0.285599
-0.286345
-0.28698
-0.287433
-0.287497
-0.287547
-0.28734
-0.286851
-0.286109
-0.28543
-0.284512
-0.283673
-0.283098
-0.282836
-0.282807
-0.283086
-0.283775
-0.28476
-0.285604
-0.28631
-0.286918
-0.28728
-0.287318
-0.286946
-0.286427
-0.285761
-0.284941
-0.284166
-0.28372
-0.283511
-0.283661
-0.28405
-0.284579
-0.285199
-0.28578
-0.286286
-0.286391
-0.286365
-0.286055
-0.285788
-0.285261
-0.284925
-0.284734
-0.284615
-0.284603
-0.284698
-0.284967
-0.285187
-0.285437
-0.285594
-0.285819
-0.282767
-0.282972
-0.283585
-0.284383
-0.285325
-0.286036
-0.286887
-0.287254
-0.287385
-0.287192
-0.286913
-0.286193
-0.285432
-0.28481
-0.283985
-0.283334
-0.282872
-0.282855
-0.282991
-0.28363
-0.284514
-0.285561
-0.286546
-0.287323
-0.287724
-0.287585
-0.287201
-0.286407
-0.285361
-0.284169
-0.283461
-0.282831
-0.282791
-0.283167
-0.283837
-0.284657
-0.285568
-0.286243
-0.286806
-0.287015
-0.287125
-0.286775
-0.286372
-0.285745
-0.285001
-0.284312
-0.283873
-0.283532
-0.283427
-0.283687