-0.285904
-0.286109
-0.286086
-0.285966
-0.28583
-0.285332
-0.285032
-0.284908
-0.284903
-0.285223
-0.285716
-0.286276
-0.286715
-0.287094
-0.287189
-0.286899
-0.28652
-0.285923
-0.285282
-0.284703
-0.284417
-0.284336
-0.284693
-0.285132
-0.285642
-0.286133
-0.286405
-0.286672
-0.286813
-0.286574
-0.286391
-0.285981
-0.285685
-0.28538
-0.285194
-0.285163
-0.285118
-0.285201
-0.285344
-0.285518
-0.285745
-0.285912
-0.2861
-0.286283
-0.28635
-0.286403
-0.286334
-0.286009
-0.285778
-0.285544
-0.285487
-0.285697
-0.285838
-0.285943
-0.285919
-0.286002
-0.285888
-0.285921
-0.285878
-0.28595
-0.285916
-0.285957
-0.28589
-0.285845
-0.285795
-0.285709
-0.28554
-0.285368
-0.284948
-0.284753
-0.284657
-0.284729
-0.284884
-0.285335
-0.285788
-0.286372
-0.286927
-0.287259
-0.287428
-0.287154
-0.28671
-0.286133
-0.285354
-0.284688
-0.284092
-0.283732
-0.283813
-0.284188
-0.284805
-0.285516
-0.286217
-0.286899
-0.287218
-0.287321
-0.287132
-0.286849
-0.286508
-0.286191
-0.28605
-0.28595
-0.285869
-0.285709
-0.285046
-0.283978
-0.282664
-0.281215
-0.279977
-0.279477
-0.280147
-0.282233
-0.285809
-0.290327
-0.295405
-0.299897
-0.302846
-0.303328
-0.300844
-0.295165
-0.287039
-0.277557
-0.268254
-0.26063
-0.256574
-0.256517
-0.261219
-0.26998
-0.281837
-0.295017
-0.307181
-0.316634
-0.321448
-0.32083
-0.31481
-0.304546
-0.291371
-0.277686
-0.265689
-0.256882
-0.252693
-0.253356
-0.258698
-0.267684
-0.278757
-0.290244
-0.300293
-0.307643
-0.311272
-0.311003
-0.307188
-0.300694
-0.292633
-0.284557
-0.277417
-0.272229
-0.269299
-0.268958
-0.270901
-0.27458
-0.279324
-0.284388
-0.289011
-0.292599
-0.294986
-0.295823
-0.295427
-0.293827
-0.291481
-0.288727
-0.285892
-0.283456
-0.28142
-0.280051
-0.27941
-0.279753
-0.280385
-0.281856
-0.28373
-0.285826
-0.287621
-0.289207
-0.290077
-0.290518
-0.290272
-0.289373
-0.288084
-0.286634
-0.28507
-0.283647
-0.282636
-0.28209
-0.281911
-0.2824
-0.283337
-0.284455
-0.285504
-0.286515
-0.287302
-0.287685
-0.287852
-0.287797
-0.287435
-0.28708
-0.286496
-0.285907
-0.285304
-0.284934
-0.284553
-0.284388
-0.284393
-0.284395
-0.284708
-0.284944
-0.285399
-0.285687
-0.285923
-0.286281
-0.286479
-0.286486
-0.286622
-0.286527
-0.286486
-0.286498
-0.286245
-0.286186
-0.285876
-0.285537
-0.285122
-0.284965
-0.284498
-0.284407
-0.284445
-0.284615
-0.285006
-0.285532
-0.286152
-0.28676
-0.287099
-0.287318
-0.287194
-0.287006
-0.286467
-0.285814
-0.285227
-0.284646
-0.28429
-0.284231
-0.284293
-0.284584
-0.285156
-0.285821
-0.285745
-0.285892
-0.28616
-0.286288
-0.286579
-0.286765
-0.286727
-0.286686
-0.286427
-0.286045
-0.285418
-0.284939
-0.284336
-0.284035
-0.28393
-0.284162
-0.284646
-0.285385
-0.286322
-0.287127
-0.287733
-0.288057
-0.287952
-0.287478
-0.286758
-0.285921
-0.285065
-0.284433
-0.283959
-0.283728
-0.283928
-0.284352
-0.284939
-0.285549
-0.286102
-0.286593
-0.287058
-0.287194
-0.287185
-0.287001
-0.286486
-0.286012
-0.285683
-0.285492
-0.285525
-0.285516
-0.285702
-0.285823
-0.285878
-0.285797