-0.28352
-0.283761
-0.28424
-0.285399
-0.286446
-0.287459
-0.288141
-0.288348
-0.288093
-0.287397
-0.286429
-0.285547
-0.284517
-0.283694
-0.283275
-0.283253
-0.283575
-0.284321
-0.285213
-0.286231
-0.287263
-0.287914
-0.288382
-0.288401
-0.288119
-0.287492
-0.286622
-0.285542
-0.28461
-0.283742
-0.283308
-0.283241
-0.283537
-0.284457
-0.285308
-0.286243
-0.287037
-0.287476
-0.28764
-0.28748
-0.287089
-0.286663
-0.286183
-0.285685
-0.285375
-0.285215
-0.285215
-0.28517
-0.285349
-0.285463
-0.285013
-0.285149
-0.285408
-0.285735
-0.286081
-0.286369
-0.286679
-0.286829
-0.286942
-0.286717
-0.286496
-0.28604
-0.285575
-0.285194
-0.284765
-0.284586
-0.284572
-0.284679
-0.284936
-0.285289
-0.285642
-0.286076
-0.286322
-0.286448
-0.286517
-0.286551
-0.286448
-0.28652
-0.286312
-0.286314
-0.286233
-0.286062
-0.285811
-0.28543
-0.285089
-0.284779
-0.284452
-0.284402
-0.28465
-0.284894
-0.285361
-0.285928
-0.286398
-0.286934
-0.287263
-0.287523
-0.287464
-0.287623
-0.28748
-0.28738
-0.287056
-0.286448
-0.285473
-0.284159
-0.282555
-0.280664
-0.279012
-0.27787
-0.277956
-0.279286
-0.282393
-0.286815
-0.292385
-0.298152
-0.303292
-0.306408
-0.306637
-0.30338
-0.296545
-0.287015
-0.276072
-0.265195
-0.256448
-0.251536
-0.251391
-0.256681
-0.266919
-0.280619
-0.295835
-0.310419
-0.321627
-0.327814
-0.327609
-0.321102
-0.309284
-0.294058
-0.27782
-0.263333
-0.252595
-0.24673
-0.246747
-0.252316
-0.262358
-0.27549
-0.289271
-0.30179
-0.311277
-0.316679
-0.317366
-0.313573
-0.306067
-0.296495
-0.286291
-0.276904
-0.269711
-0.265241
-0.263851
-0.265594
-0.269823
-0.275612
-0.282245
-0.288694
-0.293972
-0.297801
-0.299747
-0.299714
-0.297983
-0.295079
-0.2913
-0.287273
-0.283458
-0.280261
-0.277908
-0.27669
-0.27658
-0.277591
-0.279517
-0.282104
-0.285032
-0.287838
-0.290153
-0.291862
-0.292764
-0.292666
-0.291734
-0.289958
-0.287802
-0.28543
-0.283172
-0.281363
-0.280409
-0.280173
-0.280867
-0.282075
-0.283766
-0.285559
-0.287261
-0.288608
-0.289545
-0.289919
-0.289786
-0.288992
-0.287979
-0.286646
-0.28523
-0.283995
-0.282993
-0.282407
-0.282331
-0.282969
-0.284011
-0.285127
-0.286403
-0.287414
-0.288036
-0.288298
-0.288162
-0.287402
-0.286613
-0.285811
-0.285041
-0.284727
-0.284626
-0.284743
-0.285039
-0.285389
-0.285716
-0.285881
-0.285945
-0.285749
-0.285666
-0.285697
-0.285852
-0.286126
-0.28635
-0.286701
-0.286894
-0.286782
-0.286407
-0.285745
-0.285263
-0.284719
-0.284381
-0.28424
-0.284374
-0.284967
-0.285435
-0.286238
-0.28676
-0.287232
-0.2862
-0.285375
-0.284498
-0.283916
-0.283637
-0.283697
-0.28403
-0.284588
-0.285339
-0.286121
-0.286829
-0.287421
-0.28769
-0.287638
-0.287395
-0.286868
-0.286357
-0.28569
-0.285218
-0.284758
-0.284407
-0.284362
-0.284493
-0.284898
-0.285273
-0.285699
-0.286126
-0.286481
-0.286655
-0.286591
-0.286551
-0.286281
-0.285902
-0.285637
-0.285347
-0.28533
-0.285375
-0.285497
-0.285661
-0.285895
-0.285947
-0.286076
-0.28609
-0.286102
-0.286086
-0.286171
-0.28631
-0.286462
-0.286729
-0.286739