-0.289137
-0.28846
-0.287228
-0.285707
-0.284193
-0.283005
-0.28224
-0.28219
-0.282686
-0.283887
-0.285442
-0.286808
-0.288072
-0.288823
-0.289016
-0.288477
-0.287516
-0.286288
-0.285041
-0.284121
-0.283594
-0.283549
-0.283825
-0.284505
-0.285416
-0.286217
-0.28677
-0.287082
-0.287008
-0.28661
-0.286045
-0.285616
-0.285337
-0.285261
-0.285401
-0.285697
-0.285997
-0.286293
-0.286233
-0.285943
-0.285699
-0.285277
-0.284994
-0.284805
-0.284739
-0.284877
-0.28538
-0.285988
-0.28652
-0.287259
-0.285408
-0.285435
-0.285461
-0.285456
-0.285544
-0.285616
-0.28559
-0.285618
-0.28558
-0.285707
-0.285766
-0.285792
-0.285752
-0.28574
-0.285828
-0.285854
-0.286014
-0.286212
-0.286231
-0.286269
-0.286353
-0.286262
-0.285842
-0.285511
-0.285091
-0.284815
-0.28475
-0.284967
-0.285237
-0.285871
-0.286355
-0.286815
-0.286949
-0.286951
-0.28681
-0.286436
-0.28595
-0.28543
-0.284917
-0.284622
-0.284431
-0.284507
-0.284755
-0.285175
-0.285823
-0.286403
-0.287149
-0.287702
-0.288043
-0.28826
-0.287941
-0.287306
-0.286288
-0.284874
-0.283189
-0.281489
-0.279992
-0.279005
-0.279002
-0.27988
-0.282021
-0.285535
-0.289929
-0.294743
-0.299304
-0.302582
-0.303884
-0.302384
-0.298064
-0.29098
-0.28194
-0.272183
-0.26341
-0.257068
-0.254498
-0.256429
-0.263062
-0.273769
-0.287168
-0.300944
-0.313463
-0.322247
-0.325918
-0.323339
-0.315316
-0.302629
-0.287659
-0.272522
-0.2596
-0.250661
-0.24709
-0.249326
-0.256834
-0.268161
-0.281625
-0.295119
-0.306551
-0.314322
-0.31745
-0.315652
-0.309849
-0.30098
-0.290689
-0.280712
-0.272288
-0.266643
-0.264354
-0.265086
-0.268803
-0.274386
-0.280862
-0.287235
-0.29268
-0.296531
-0.298438
-0.298433
-0.296807
-0.293934
-0.290699
-0.287254
-0.284266
-0.282211
-0.28079
-0.280282
-0.280271
-0.280712
-0.281563
-0.282679
-0.283628
-0.284731
-0.28584
-0.286856
-0.287893
-0.288999
-0.289571
-0.29002
-0.289993
-0.289407
-0.288436
-0.287011
-0.285487
-0.283942
-0.2826
-0.281689
-0.28116
-0.281398
-0.282168
-0.283444
-0.285101
-0.286803
-0.288408
-0.289574
-0.290115
-0.290036
-0.289249
-0.288038
-0.286641
-0.285199
-0.284035
-0.283186
-0.28281
-0.282984
-0.28357
-0.284436
-0.285332
-0.28615
-0.286729
-0.28708
-0.287013
-0.286963
-0.286582
-0.286064
-0.285692
-0.285599
-0.28558
-0.285659
-0.285933
-0.286348
-0.286608
-0.286644
-0.286562
-0.286279
-0.285599
-0.285172
-0.284619
-0.28434
-0.284293
-0.284572
-0.284965
-0.285633
-0.286133
-0.286789
-0.287037
-0.287318
-0.287366
-0.287056
-0.286598
-0.286102
-0.28554
-0.285172
-0.285842
-0.285354
-0.284917
-0.284681
-0.284824
-0.285075
-0.285478
-0.285931
-0.286365
-0.28666
-0.286717
-0.286527
-0.286074
-0.285714
-0.285323
-0.285044
-0.284951
-0.284953
-0.285134
-0.285566
-0.285966
-0.286288
-0.286579
-0.286574
-0.286477
-0.28646
-0.286262
-0.285962
-0.285592
-0.285373
-0.285137
-0.285027
-0.284984
-0.285056
-0.285289
-0.285563
-0.285852
-0.286343
-0.28661
-0.28682
-0.286934
-0.28681
-0.286589
-0.286257
-0.285707
-0.285349
-0.285027
-0.284853
-0.284967
-0.285196