-0.285614
-0.284884
-0.284305
-0.284011
-0.284162
-0.2847
-0.285263
-0.285919
-0.286605
-0.286982
-0.287182
-0.287216
-0.287039
-0.286629
-0.286064
-0.285614
-0.285096
-0.284934
-0.284903
-0.285118
-0.285316
-0.285847
-0.286419
-0.286915
-0.287247
-0.28739
-0.287313
-0.287085
-0.286689
-0.286107
-0.285516
-0.284956
-0.284457
-0.284281
-0.284221
-0.284479
-0.284944
-0.285518
-0.286307
-0.286987
-0.287471
-0.287812
-0.287845
-0.287676
-0.287106
-0.286477
-0.285828
-0.285175
-0.284762
-0.284495
-0.28482
-0.285385
-0.286064
-0.286667
-0.28708
-0.287235
-0.28728
-0.286865
-0.286438
-0.285933
-0.285506
-0.285075
-0.284829
-0.284772
-0.285006
-0.285246
-0.28564
-0.285828
-0.2863
-0.28652
-0.286667
-0.286949
-0.286806
-0.286756
-0.28657
-0.286283
-0.285883
-0.285344
-0.284874
-0.284357
-0.284131
-0.28414
-0.284421
-0.285079
-0.285931
-0.286891
-0.287879
-0.288477
-0.288711
-0.288363
-0.287638
-0.286446
-0.285242
-0.284309
-0.283396
-0.283027
-0.283482
-0.284233
-0.285392
-0.286639
-0.287857
-0.288434
-0.288296
-0.287454
-0.285823
-0.283737
-0.281603
-0.27993
-0.27946
-0.280449
-0.283062
-0.287144
-0.292225
-0.297263
-0.301409
-0.303435
-0.302649
-0.298502
-0.291591
-0.282416
-0.272608
-0.263746
-0.257466
-0.255206
-0.257661
-0.264847
-0.275989
-0.289533
-0.303502
-0.315349
-0.323093
-0.325181
-0.321383
-0.311935
-0.298502
-0.283206
-0.268371
-0.25661
-0.249505
-0.247936
-0.25197
-0.260954
-0.273228
-0.286772
-0.299408
-0.309358
-0.315285
-0.316503
-0.313318
-0.306396
-0.297291
-0.287325
-0.278018
-0.27061
-0.266016
-0.264468
-0.265884
-0.269938
-0.275655
-0.2823
-0.288911
-0.294497
-0.298333
-0.300372
-0.300164
-0.298116
-0.294735
-0.290432
-0.28589
-0.281785
-0.278776
-0.276923
-0.276449
-0.277371
-0.27936
-0.282099
-0.285077
-0.287807
-0.290096
-0.291386
-0.291774
-0.291128
-0.289958
-0.288219
-0.28645
-0.284965
-0.283706
-0.283062
-0.282834
-0.283241
-0.283971
-0.28471
-0.285511
-0.286193
-0.286658
-0.28676
-0.286868
-0.286632
-0.286355
-0.286119
-0.285878
-0.285692
-0.285709
-0.285892
-0.286171
-0.28646
-0.286691
-0.286784
-0.28666
-0.286286
-0.285714
-0.285006
-0.284402
-0.28394
-0.283813
-0.284059
-0.284519
-0.285332
-0.286312
-0.287447
-0.288379
-0.288978
-0.289097
-0.288615
-0.28784
-0.286736
-0.285485
-0.284269
-0.283227
-0.282645
-0.282497
-0.282769
-0.283563
-0.284679
-0.285892
-0.287211
-0.288224
-0.288978
-0.28934
-0.289128
-0.288482
-0.287411
-0.286136
-0.28475
-0.283675
-0.282915
-0.282595
-0.282879
-0.28358
-0.284607
-0.287268
-0.28723
-0.287015
-0.286639
-0.286191
-0.285766
-0.285635
-0.285456
-0.285378
-0.28543
-0.285633
-0.285749
-0.28604
-0.28631
-0.286551
-0.286794
-0.286682
-0.286665
-0.28641
-0.285981
-0.285656
-0.285223
-0.285027
-0.28502
-0.285296
-0.285754
-0.286431
-0.287123
-0.287795
-0.288103
-0.287979
-0.287616
-0.286841
-0.285766
-0.284681
-0.283754
-0.283184
-0.283093
-0.283449
-0.284336
-0.285449
-0.286803
-0.288169
-0.289087
-0.289755
-0.289755
-0.2894
-0.288503
-0.287244
-0.285766