-0.286775
-0.285566
-0.284331
-0.283322
-0.282705
-0.282574
-0.282836
-0.283546
-0.284512
-0.285614
-0.286703
-0.287664
-0.288212
-0.288408
-0.288055
-0.287366
-0.286255
-0.285106
-0.284045
-0.283294
-0.282886
-0.282991
-0.283456
-0.284338
-0.28542
-0.286403
-0.287049
-0.287545
-0.287538
-0.287216
-0.286565
-0.285754
-0.285015
-0.284288
-0.283964
-0.284002
-0.284178
-0.284634
-0.285187
-0.285668
-0.286033
-0.2863
-0.286319
-0.286186
-0.286057
-0.285797
-0.285628
-0.285475
-0.285378
-0.285296
-0.285254
-0.285289
-0.285347
-0.285389
-0.285163
-0.285103
-0.285044
-0.284975
-0.285063
-0.285196
-0.285385
-0.285668
-0.285933
-0.286102
-0.286324
-0.286369
-0.286181
-0.286028
-0.285852
-0.285325
-0.285013
-0.284524
-0.284338
-0.284176
-0.284097
-0.28435
-0.284743
-0.285368
-0.286038
-0.286727
-0.287206
-0.287437
-0.287433
-0.287178
-0.286503
-0.285738
-0.284915
-0.284157
-0.28353
-0.283217
-0.283277
-0.28357
-0.284336
-0.285387
-0.286188
-0.286915
-0.287337
-0.287588
-0.28753
-0.287447
-0.28724
-0.286999
-0.286701
-0.286212
-0.285521
-0.284419
-0.283027
-0.281346
-0.279539
-0.278063
-0.277262
-0.277843
-0.279946
-0.283942
-0.289395
-0.295708
-0.301759
-0.306487
-0.308468
-0.306747
-0.301096
-0.291977
-0.280373
-0.268042
-0.257156
-0.249798
-0.247381
-0.250642
-0.259714
-0.273473
-0.289819
-0.306311
-0.320442
-0.329518
-0.331972
-0.327373
-0.316522
-0.301032
-0.283518
-0.266771
-0.252976
-0.244446
-0.242159
-0.246227
-0.255747
-0.269134
-0.284333
-0.298731
-0.31049
-0.317736
-0.319974
-0.316975
-0.309753
-0.299778
-0.288789
-0.278344
-0.2701
-0.264697
-0.262711
-0.263901
-0.26772
-0.27365
-0.280216
-0.286863
-0.292647
-0.296903
-0.299349
-0.299821
-0.298538
-0.295904
-0.292275
-0.288084
-0.284083
-0.280521
-0.27787
-0.276268
-0.275998
-0.276966
-0.278883
-0.281379
-0.284185
-0.287063
-0.289664
-0.291512
-0.292656
-0.292821
-0.291898
-0.290351
-0.288093
-0.285604
-0.28327
-0.281365
-0.280068
-0.279417
-0.279577
-0.280583
-0.28218
-0.284131
-0.286257
-0.288172
-0.289681
-0.290589
-0.290556
-0.289941
-0.288575
-0.286963
-0.285022
-0.283442
-0.282018
-0.281191
-0.281138
-0.281668
-0.282843
-0.284419
-0.285943
-0.287533
-0.288651
-0.289297
-0.289211
-0.288572
-0.287516
-0.286171
-0.284789
-0.283625
-0.282845
-0.282619
-0.282907
-0.283506
-0.284457
-0.285311
-0.286243
-0.286946
-0.287237
-0.287385
-0.287268
-0.286801
-0.286222
-0.285673
-0.285158
-0.284741
-0.284569
-0.284395
-0.2843
-0.284419
-0.284467
-0.284724
-0.28497
-0.285356
-0.285909
-0.286312
-0.286815
-0.28687
-0.28682
-0.286314
-0.285764
-0.284986
-0.284467
-0.284035
-0.284069
-0.284472
-0.285087
-0.285795
-0.286551
-0.287206
-0.287292
-0.287046
-0.286329
-0.285344
-0.28451
-0.28367
-0.283291
-0.283434
-0.284088
-0.284972
-0.286093
-0.287101
-0.287867
-0.288062
-0.287747
-0.287027
-0.286207
-0.285032
-0.284157
-0.28348
-0.283191
-0.283425
-0.28388
-0.284588
-0.285497
-0.286465
-0.287149
-0.287657
-0.287802
-0.287604
-0.287139
-0.286369
-0.28554
-0.284832
-0.284328
-0.284052