-0.287082
-0.286956
-0.286727
-0.286281
-0.285957
-0.285678
-0.285461
-0.285475
-0.285599
-0.285957
-0.28599
-0.286148
-0.286207
-0.286062
-0.285454
-0.285025
-0.284581
-0.284312
-0.284276
-0.284591
-0.285103
-0.285847
-0.286582
-0.287225
-0.287647
-0.287547
-0.287104
-0.286467
-0.285647
-0.284824
-0.284228
-0.28399
-0.284219
-0.284569
-0.28518
-0.28594
-0.286484
-0.286887
-0.287015
-0.286827
-0.286291
-0.285616
-0.285025
-0.284562
-0.284429
-0.28455
-0.284886
-0.28547
-0.286057
-0.286622
-0.28614
-0.286014
-0.285845
-0.28559
-0.285268
-0.285175
-0.285168
-0.285265
-0.285544
-0.285823
-0.286136
-0.286129
-0.286124
-0.285923
-0.285664
-0.285439
-0.285366
-0.28528
-0.285406
-0.285602
-0.285943
-0.28605
-0.286171
-0.286076
-0.285938
-0.28574
-0.285475
-0.28528
-0.285101
-0.285144
-0.285196
-0.285506
-0.285826
-0.286019
-0.286245
-0.286374
-0.286281
-0.286088
-0.28579
-0.285432
-0.285132
-0.284975
-0.284958
-0.285079
-0.285389
-0.28564
-0.285954
-0.286219
-0.286596
-0.286644
-0.286739
-0.286844
-0.286763
-0.286622
-0.286403
-0.28574
-0.284884
-0.283606
-0.282128
-0.280666
-0.279441
-0.279021
-0.279813
-0.281842
-0.285609
-0.290275
-0.295584
-0.30056
-0.304067
-0.305166
-0.303257
-0.297904
-0.289807
-0.279686
-0.269301
-0.26001
-0.25383
-0.251842
-0.255065
-0.262892
-0.274811
-0.289123
-0.303805
-0.316553
-0.325124
-0.327985
-0.324702
-0.315621
-0.302136
-0.28651
-0.270905
-0.257735
-0.248754
-0.245259
-0.247495
-0.255005
-0.26648
-0.280271
-0.294325
-0.30654
-0.315166
-0.319185
-0.318198
-0.312855
-0.304074
-0.293279
-0.282311
-0.272608
-0.265429
-0.261462
-0.261047
-0.264184
-0.269959
-0.277514
-0.285568
-0.292926
-0.298648
-0.302196
-0.303066
-0.301521
-0.298138
-0.29335
-0.288131
-0.283086
-0.279021
-0.276349
-0.275183
-0.275276
-0.27669
-0.278907
-0.28167
-0.284677
-0.287478
-0.289843
-0.291543
-0.292542
-0.292602
-0.292075
-0.290694
-0.288775
-0.286632
-0.284452
-0.28235
-0.280843
-0.279868
-0.279753
-0.280526
-0.281868
-0.283732
-0.285926
-0.287852
-0.289452
-0.290108
-0.290301
-0.289755
-0.288699
-0.287232
-0.285811
-0.284548
-0.28352
-0.283034
-0.283022
-0.28331
-0.283861
-0.284572
-0.285463
-0.285916
-0.286407
-0.286617
-0.286641
-0.286672
-0.28656
-0.286515
-0.286343
-0.286291
-0.286183
-0.286119
-0.286005
-0.285807
-0.285521
-0.285263
-0.284834
-0.284739
-0.284629
-0.284591
-0.28475
-0.284877
-0.285249
-0.285652
-0.286062
-0.286396
-0.286639
-0.286708
-0.286608
-0.286431
-0.286181
-0.285985
-0.285764
-0.285702
-0.285573
-0.284674
-0.285106
-0.285413
-0.285904
-0.286274
-0.28657
-0.286701
-0.286524
-0.286362
-0.285866
-0.285506
-0.285201
-0.285027
-0.284991
-0.285184
-0.285425
-0.285628
-0.28584
-0.286038
-0.285959
-0.285833
-0.285647
-0.285447
-0.285389
-0.285416
-0.28568
-0.285795
-0.286069
-0.286169
-0.286248
-0.286195
-0.285897
-0.28563
-0.285239
-0.284925
-0.284796
-0.284786
-0.285091
-0.285478
-0.285938
-0.286384
-0.286696
-0.286813
-0.286822
-0.286477
-0.286217
-0.285704
-0.285432
-0.285165
-0.285077