-0.285814
-0.28574
-0.285492
-0.285587
-0.285499
-0.28537
-0.28538
-0.285363
-0.285325
-0.285332
-0.28527
-0.285347
-0.285623
-0.286045
-0.286479
-0.286982
-0.287321
-0.287535
-0.287678
-0.287361
-0.286822
-0.286019
-0.285091
-0.284157
-0.283389
-0.283029
-0.282972
-0.28358
-0.284371
-0.285687
-0.286891
-0.287898
-0.288687
-0.289004
-0.288754
-0.288131
-0.287113
-0.285916
-0.284617
-0.283673
-0.283039
-0.282886
-0.283267
-0.284092
-0.28496
-0.286117
-0.286927
-0.287399
-0.287578
-0.287523
-0.285792
-0.286903
-0.287778
-0.288339
-0.28856
-0.288422
-0.287783
-0.286996
-0.285995
-0.284941
-0.284014
-0.283344
-0.282962
-0.282958
-0.283504
-0.284262
-0.285223
-0.286109
-0.287008
-0.287583
-0.287814
-0.287709
-0.287185
-0.286536
-0.285587
-0.284784
-0.284257
-0.283911
-0.284069
-0.284526
-0.285223
-0.286109
-0.286689
-0.287104
-0.287142
-0.286748
-0.286036
-0.285358
-0.284615
-0.284224
-0.284081
-0.284433
-0.285087
-0.285888
-0.286686
-0.287306
-0.287662
-0.287602
-0.287268
-0.286729
-0.286043
-0.285456
-0.284851
-0.284519
-0.284221
-0.283628
-0.283017
-0.282137
-0.281255
-0.280554
-0.280573
-0.281446
-0.283692
-0.287158
-0.291877
-0.297043
-0.301633
-0.304573
-0.304952
-0.302031
-0.295684
-0.286417
-0.275571
-0.264881
-0.256033
-0.251083
-0.251167
-0.256565
-0.267169
-0.281534
-0.29732
-0.312152
-0.323601
-0.329194
-0.328226
-0.320671
-0.307696
-0.291607
-0.274944
-0.26052
-0.250149
-0.245514
-0.247042
-0.25399
-0.265126
-0.278635
-0.292265
-0.303841
-0.312045
-0.315783
-0.314944
-0.310032
-0.302298
-0.293117
-0.283985
-0.276039
-0.27041
-0.267382
-0.267091
-0.269344
-0.273261
-0.278206
-0.283582
-0.288427
-0.292435
-0.294948
-0.296195
-0.296149
-0.294926
-0.292921
-0.29038
-0.287461
-0.284724
-0.28235
-0.280306
-0.278955
-0.27859
-0.279021
-0.280113
-0.281873
-0.283935
-0.286274
-0.288386
-0.290282
-0.291395
-0.291848
-0.291367
-0.29007
-0.28842
-0.286427
-0.284352
-0.282471
-0.281096
-0.280442
-0.280492
-0.281239
-0.28245
-0.284033
-0.285702
-0.287228
-0.28862
-0.28935
-0.289583
-0.289261
-0.288677
-0.287688
-0.286601
-0.285504
-0.284529
-0.28379
-0.283086
-0.282767
-0.282927
-0.283263
-0.283959
-0.284774
-0.285711
-0.286674
-0.287247
-0.287809
-0.28805
-0.287855
-0.287497
-0.286961
-0.286379
-0.285687
-0.284989
-0.284522
-0.284259
-0.284033
-0.284116
-0.284371
-0.284774
-0.285115
-0.285623
-0.285976
-0.286405
-0.286734
-0.286751
-0.286758
-0.286353
-0.285985
-0.285614
-0.285237
-0.284989
-0.28481
-0.285146
-0.285516
-0.286033
-0.286484
-0.286586
-0.287404
-0.287735
-0.287712
-0.287311
-0.286684
-0.285866
-0.28527
-0.284843
-0.28482
-0.285068
-0.285234
-0.285609
-0.286016
-0.286069
-0.285988
-0.285652
-0.285263
-0.284874
-0.284646
-0.284698
-0.284941
-0.285599
-0.286155
-0.286851
-0.287254
-0.28728
-0.287228
-0.286746
-0.28605
-0.285301
-0.28471
-0.284247
-0.284011
-0.28425
-0.284665
-0.285187
-0.285726
-0.286376
-0.28677
-0.287032
-0.287046
-0.286865
-0.286679
-0.286217
-0.285783
-0.285325
-0.284982
-0.284958
-0.284958