-0.286188
-0.285525
-0.28487
-0.284708
-0.284801
-0.285175
-0.28578
-0.286241
-0.286729
-0.286765
-0.286524
-0.28589
-0.285199
-0.284545
-0.28404
-0.28379
-0.284104
-0.284729
-0.285609
-0.286539
-0.287302
-0.287714
-0.287757
-0.287244
-0.28645
-0.285435
-0.284567
-0.283957
-0.283766
-0.284014
-0.284741
-0.285683
-0.286708
-0.287452
-0.287802
-0.287745
-0.28687
-0.285819
-0.284686
-0.283604
-0.282965
-0.282857
-0.283434
-0.284519
-0.285881
-0.287104
-0.288191
-0.28868
-0.288587
-0.287747
-0.285122
-0.284963
-0.284958
-0.28496
-0.285251
-0.285728
-0.286076
-0.286541
-0.286911
-0.287063
-0.287025
-0.286551
-0.285933
-0.28518
-0.284538
-0.283883
-0.283716
-0.283828
-0.284259
-0.28491
-0.28549
-0.286205
-0.286717
-0.286894
-0.286915
-0.286543
-0.286195
-0.285738
-0.285301
-0.285208
-0.285184
-0.285382
-0.285578
-0.285685
-0.285439
-0.285475
-0.285199
-0.285137
-0.285048
-0.285084
-0.285301
-0.285568
-0.285923
-0.286183
-0.286357
-0.286319
-0.286117
-0.285959
-0.285685
-0.28564
-0.285771
-0.285995
-0.286193
-0.28615
-0.285892
-0.28497
-0.283444
-0.28162
-0.279839
-0.278587
-0.278475
-0.279934
-0.283065
-0.287979
-0.293901
-0.299726
-0.304191
-0.306304
-0.304959
-0.299983
-0.291486
-0.280733
-0.269408
-0.259457
-0.252764
-0.250669
-0.254154
-0.262887
-0.275745
-0.291123
-0.306222
-0.318727
-0.326326
-0.327592
-0.322356
-0.31148
-0.296671
-0.280626
-0.265672
-0.2543
-0.247972
-0.247452
-0.252509
-0.262177
-0.27462
-0.287964
-0.300136
-0.309231
-0.314238
-0.314705
-0.310934
-0.303972
-0.295126
-0.285892
-0.27751
-0.271189
-0.267441
-0.266459
-0.268211
-0.272009
-0.276978
-0.282643
-0.288026
-0.292511
-0.295904
-0.297542
-0.297651
-0.296414
-0.293839
-0.290689
-0.287201
-0.283971
-0.281036
-0.278897
-0.277593
-0.277348
-0.277975
-0.279555
-0.281773
-0.284274
-0.286705
-0.289123
-0.290835
-0.291898
-0.292127
-0.291512
-0.29036
-0.288465
-0.286441
-0.284352
-0.282657
-0.281408
-0.280616
-0.280573
-0.280979
-0.282037
-0.283322
-0.284958
-0.286543
-0.287926
-0.289152
-0.289702
-0.289936
-0.289404
-0.288415
-0.287125
-0.285592
-0.284071
-0.282881
-0.282261
-0.282061
-0.282319
-0.283191
-0.284247
-0.285501
-0.286586
-0.287418
-0.287924
-0.288141
-0.287857
-0.287302
-0.286736
-0.285866
-0.285227
-0.284562
-0.284274
-0.284071
-0.283957
-0.284083
-0.284457
-0.284722
-0.285256
-0.285721
-0.286119
-0.286677
-0.287139
-0.28738
-0.287373
-0.287292
-0.28666
-0.285974
-0.285199
-0.284183
-0.283453
-0.282996
-0.282962
-0.283368
-0.284228
-0.28533
-0.286498
-0.28527
-0.284896
-0.284793
-0.284865
-0.28523
-0.285702
-0.286069
-0.286326
-0.286407
-0.286257
-0.285928
-0.285549
-0.285082
-0.284829
-0.284743
-0.284944
-0.285335
-0.285783
-0.286195
-0.286694
-0.286872
-0.286913
-0.286586
-0.286007
-0.285447
-0.284801
-0.284402
-0.284328
-0.284479
-0.28487
-0.285475
-0.286288
-0.286627
-0.287097
-0.287044
-0.286987
-0.286493
-0.285861
-0.285227
-0.284741
-0.28434
-0.284233
-0.284379
-0.284841
-0.285468
-0.286198
-0.286808
-0.287349
-0.287795
-0.287926