-0.286989
-0.287199
-0.28723
-0.286758
-0.286334
-0.285757
-0.285177
-0.284562
-0.284433
-0.284529
-0.284822
-0.285382
-0.285964
-0.286596
-0.287051
-0.287077
-0.286975
-0.286596
-0.28616
-0.285699
-0.285366
-0.285225
-0.285203
-0.285244
-0.285439
-0.285444
-0.285592
-0.285702
-0.285714
-0.285656
-0.285685
-0.285757
-0.285909
-0.286169
-0.286493
-0.286663
-0.286813
-0.28661
-0.286429
-0.28609
-0.285602
-0.285065
-0.284631
-0.284481
-0.284426
-0.284634
-0.285051
-0.285556
-0.286005
-0.286551
-0.286303
-0.286536
-0.286727
-0.286677
-0.286636
-0.286551
-0.286407
-0.285945
-0.285306
-0.284712
-0.284109
-0.283558
-0.283506
-0.283694
-0.284452
-0.285416
-0.286512
-0.2877
-0.288558
-0.288997
-0.288675
-0.288076
-0.28676
-0.285308
-0.283883
-0.282691
-0.282209
-0.282087
-0.282691
-0.283842
-0.285292
-0.286784
-0.288024
-0.288777
-0.288968
-0.288529
-0.28784
-0.286765
-0.285637
-0.284514
-0.283806
-0.283499
-0.283432
-0.283806
-0.284402
-0.28507
-0.28589
-0.28662
-0.287161
-0.287621
-0.287898
-0.287857
-0.287426
-0.286694
-0.285633
-0.284154
-0.282381
-0.280871
-0.279522
-0.278945
-0.27936
-0.281255
-0.284326
-0.288692
-0.293603
-0.298376
-0.302165
-0.303826
-0.30292
-0.299029
-0.292509
-0.28388
-0.27447
-0.265567
-0.258713
-0.255229
-0.255895
-0.260966
-0.269964
-0.281765
-0.294845
-0.307248
-0.317039
-0.322692
-0.323117
-0.318296
-0.308826
-0.296314
-0.28224
-0.269074
-0.258446
-0.251956
-0.250037
-0.25336
-0.260839
-0.271504
-0.283508
-0.295129
-0.30478
-0.311136
-0.313478
-0.311966
-0.306885
-0.299633
-0.291159
-0.283003
-0.276031
-0.271122
-0.268579
-0.268273
-0.270183
-0.273528
-0.277796
-0.282586
-0.287287
-0.29134
-0.294423
-0.296504
-0.29722
-0.296817
-0.295095
-0.292397
-0.289092
-0.285485
-0.282047
-0.279212
-0.277283
-0.276396
-0.276811
-0.278311
-0.281
-0.283985
-0.287187
-0.289941
-0.292072
-0.29299
-0.292969
-0.291846
-0.289927
-0.287602
-0.285158
-0.282998
-0.281484
-0.280602
-0.280464
-0.281045
-0.282094
-0.283532
-0.285175
-0.286713
-0.287895
-0.288842
-0.289149
-0.289023
-0.288363
-0.287607
-0.286539
-0.285616
-0.284793
-0.284243
-0.283957
-0.283942
-0.284221
-0.284603
-0.284927
-0.285454
-0.285895
-0.286217
-0.286396
-0.286565
-0.286539
-0.286398
-0.286319
-0.28614
-0.285859
-0.285552
-0.285301
-0.284948
-0.284715
-0.284808
-0.284879
-0.285168
-0.285711
-0.286238
-0.286741
-0.28707
-0.287123
-0.286961
-0.286443
-0.285876
-0.28513
-0.28445
-0.283918
-0.283704
-0.283978
-0.284386
-0.285168
-0.286057
-0.286884
-0.287495
-0.284226
-0.283861
-0.283737
-0.283866
-0.284357
-0.284901
-0.28543
-0.286014
-0.286553
-0.286961
-0.287242
-0.287218
-0.287206
-0.287125
-0.286772
-0.286403
-0.286
-0.285535
-0.28496
-0.284648
-0.284281
-0.284109
-0.284088
-0.284324
-0.284872
-0.285542
-0.286193
-0.286791
-0.287247
-0.287557
-0.287547
-0.287361
-0.286756
-0.286207
-0.285537
-0.284925
-0.284576
-0.284336
-0.284269
-0.284517
-0.28492
-0.28548
-0.286109
-0.286694
-0.287063
-0.287225
-0.28723
-0.286984
-0.286617
-0.286305