-0.287383
-0.286663
-0.285811
-0.285151
-0.284588
-0.284138
-0.284169
-0.284317
-0.284507
-0.284798
-0.285079
-0.285304
-0.285466
-0.285606
-0.285771
-0.286009
-0.286274
-0.28651
-0.286705
-0.286722
-0.286562
-0.286131
-0.285544
-0.284843
-0.284128
-0.283697
-0.283563
-0.283833
-0.284257
-0.284989
-0.285931
-0.286739
-0.287311
-0.28759
-0.287466
-0.286925
-0.286276
-0.285351
-0.284598
-0.284045
-0.283809
-0.283725
-0.284004
-0.284362
-0.284932
-0.28547
-0.286007
-0.286434
-0.286572
-0.286655
-0.284119
-0.284932
-0.285845
-0.286808
-0.287571
-0.288181
-0.288136
-0.287812
-0.28702
-0.285976
-0.284746
-0.283608
-0.2828
-0.282371
-0.282423
-0.282984
-0.284033
-0.28528
-0.286529
-0.287588
-0.288281
-0.288405
-0.287991
-0.287225
-0.286105
-0.284936
-0.283878
-0.283318
-0.283103
-0.283401
-0.284064
-0.284827
-0.285575
-0.286295
-0.286818
-0.287061
-0.286961
-0.286913
-0.286391
-0.28599
-0.28537
-0.284977
-0.28471
-0.284345
-0.284333
-0.284538
-0.284703
-0.285125
-0.285416
-0.285804
-0.286171
-0.286489
-0.286884
-0.287004
-0.287316
-0.287237
-0.286961
-0.28641
-0.285473
-0.283883
-0.28208
-0.28019
-0.278709
-0.277946
-0.278335
-0.280318
-0.284042
-0.289004
-0.294614
-0.300059
-0.304279
-0.305917
-0.304265
-0.299127
-0.290709
-0.280364
-0.269334
-0.25979
-0.253444
-0.251708
-0.25516
-0.263696
-0.276339
-0.291069
-0.30576
-0.317943
-0.325289
-0.326746
-0.321794
-0.311069
-0.296488
-0.280669
-0.265779
-0.254428
-0.24796
-0.247338
-0.252423
-0.262053
-0.274694
-0.288246
-0.300539
-0.309947
-0.315104
-0.315549
-0.311666
-0.304399
-0.295248
-0.285525
-0.27679
-0.27004
-0.265968
-0.265017
-0.266707
-0.270927
-0.276561
-0.283005
-0.289059
-0.294147
-0.297749
-0.299435
-0.299258
-0.297234
-0.293834
-0.289688
-0.285304
-0.281284
-0.278089
-0.27617
-0.275695
-0.276468
-0.278409
-0.281129
-0.284424
-0.287473
-0.290101
-0.291898
-0.292649
-0.292306
-0.291114
-0.289006
-0.286636
-0.28435
-0.282412
-0.281088
-0.280402
-0.280664
-0.281534
-0.282793
-0.284414
-0.285923
-0.287216
-0.288088
-0.288363
-0.288422
-0.287876
-0.287213
-0.286489
-0.285683
-0.28491
-0.284202
-0.283768
-0.283563
-0.283728
-0.283968
-0.284512
-0.285161
-0.285888
-0.286479
-0.286911
-0.287144
-0.286968
-0.28661
-0.286043
-0.28533
-0.284894
-0.284426
-0.284204
-0.284252
-0.284529
-0.284908
-0.285335
-0.285902
-0.286245
-0.286448
-0.286534
-0.286317
-0.286078
-0.285685
-0.285327
-0.285134
-0.284941
-0.284927
-0.284944
-0.285103
-0.285213
-0.285273
-0.285466
-0.285618
-0.285673
-0.285676
-0.285072
-0.284956
-0.285103
-0.285411
-0.285606
-0.286028
-0.286148
-0.286164
-0.28609
-0.285876
-0.28558
-0.285318
-0.285068
-0.285006
-0.285077
-0.285196
-0.285444
-0.285738
-0.285947
-0.285962
-0.286047
-0.285993
-0.285921
-0.285823
-0.285795
-0.285697
-0.285807
-0.285747
-0.285721
-0.28559
-0.285509
-0.285282
-0.284886
-0.284617
-0.284393
-0.284464
-0.284631
-0.285211
-0.285947
-0.286725
-0.287433
-0.287929
-0.28801
-0.287738
-0.287042
-0.286086
-0.284884
-0.283794
-0.282922
-0.282552